Name	shannon	evenness	observed
AHT1	6.625223389	0.759677564	422
AHT10	6.813344617	0.782481176	418
AHT11	7.211477973	0.813552181	466
AHT12	7.233483228	0.808357887	494
AHT13	6.993943732	0.796156454	441
AHT14	7.175471715	0.802663251	491
AHT15	6.617503813	0.76059418	416
AHT16	7.065727918	0.789868904	493
AHT17	6.996963833	0.792717997	454
AHT18	5.115175624	0.631656626	274
AHT19	5.158645561	0.614686659	336
AHT2	7.143799531	0.805355784	468
AHT20	6.389627129	0.752442024	360
AHT21	6.939737458	0.784273158	461
AHT22	7.453853644	0.847880279	443
AHT23	7.422778962	0.833094055	481
AHT24	7.299311723	0.82697237	454
AHT25	6.534241797	0.752837926	410
AHT26	5.620557413	0.677614756	314
AHT27	7.099076975	0.786348127	522
AHT28	7.387665739	0.826671707	490
AHT29	6.83505645	0.778942714	438
AHT3	5.26289681	0.616045559	373
AHT30	6.907083635	0.774694603	483
AHT31	6.714867395	0.770258848	421
AHT32	5.964929714	0.694811388	384
AHT33	7.215856389	0.816930402	456
AHT34	7.05782255	0.798183998	459
AHT35	7.419870135	0.831930027	484
AHT36	7.084203161	0.807639704	437
AHT37	7.121179054	0.804210604	463
AHT38	7.164457588	0.814961306	443
AHT39	7.002538021	0.799234957	434
AHT4	7.011870368	0.808524731	408
AHT40	7.187993706	0.818246157	441
AHT41	6.659895831	0.773084172	392
AHT42	7.240316141	0.805747107	507
AHT43	6.715359273	0.779855991	391
AHT44	6.956410571	0.791589406	442
AHT45	6.623392928	0.761271056	416
AHT46	6.073402311	0.73100078	317
AHT47	6.886739427	0.7833707	443
AHT48	7.419918186	0.832493023	482
AHT49	5.92615341	0.701219427	350
AHT5	7.008312234	0.790081632	468
AHT50	6.248905573	0.740497654	347
AHT51	6.975246786	0.800126828	421
AHT52	7.591893693	0.839657143	527
AHT53	6.947482732	0.784871182	462
AHT54	6.547861214	0.765078212	377
AHT55	6.567338933	0.778616289	346
AHT56	6.980811943	0.785085667	475
AHT57	5.975455545	0.720003105	315
AHT58	5.829117459	0.678399372	386
AHT59	6.940513161	0.794282431	427
AHT6	6.267105354	0.755562616	314
AHT60	6.504127477	0.7546805	393
AHT61	7.262086804	0.814784805	482
AHT62	5.554725297	0.675033137	300
AHT63	6.322142844	0.750290079	344
AHT64	7.030554203	0.80365789	430
AHT65	7.210515205	0.809270677	481
AHT66	6.505762831	0.780917986	322
AHT67	7.255794687	0.826891255	438
AHT68	7.207257926	0.815665103	457
AHT69	6.951059629	0.796106476	425
AHT7	5.96394955	0.700998297	364
AHT70	7.165258759	0.803920983	482
AHT71	6.494696995	0.755860281	386
AHT72	7.229387321	0.814721683	469
AHT73	6.302503072	0.72913095	400
AHT74	6.567745611	0.768436494	374
AHT75	7.232057186	0.807149065	498
AHT76	6.282629621	0.722682354	414
AHT77	7.09839981	0.80192059	462
AHT78	7.092813679	0.797409668	476
AHT79	5.429161369	0.655634786	311
AHT8	6.877727258	0.772180503	480
AHT80	7.321000531	0.824191684	472
AHT81	6.923117076	0.795720366	416
AHT82	7.069263151	0.799762436	458
AHT83	6.257987355	0.724891792	397
AHT84	6.560699329	0.76454329	383
AHT85	7.302392172	0.824675405	463
AHT86	5.579611149	0.670470964	320
AHT87	6.844197679	0.785403356	420
AHT88	6.442438105	0.746887963	395
AHT89	7.060462343	0.789798062	491
AHT9	6.519339681	0.774465895	342
AHT90	7.227961783	0.81888881	454
AHT91	7.540965077	0.829337566	546
ALH1	6.455484186	0.73084621	456
ALH10	5.816993666	0.692779262	337
ALH11	7.059914121	0.820221121	390
ALH12	6.691008711	0.778707264	386
ALH13	6.905114963	0.783160688	451
ALH14	6.655478161	0.778000939	376
ALH15	6.391881221	0.763602905	331
ALH16	7.327088943	0.834391163	440
ALH17	5.916322666	0.711317683	319
ALH18	6.034380708	0.729131223	310
ALH19	6.464901503	0.739567113	428
ALH2	6.133483758	0.719261249	369
ALH20	6.33749022	0.739509568	380
ALH21	7.005395346	0.80712154	410
ALH22	5.414758098	0.651725703	317
ALH23	7.112365372	0.822138813	402
ALH24	7.172829599	0.806131061	477
ALH25	5.942795567	0.727399036	288
ALH26	6.761991247	0.79369483	367
ALH27	4.733214256	0.580059913	286
ALH28	6.270025194	0.731313647	381
ALH29	6.631229864	0.752370602	450
ALH3	6.872042996	0.795686197	398
ALH30	6.951559532	0.798671478	417
ALH31	6.495114748	0.768918048	349
ALH32	6.978331782	0.797078407	432
ALH33	6.923566996	0.801651953	398
ALH34	6.839554882	0.79809453	380
ALH35	6.90782961	0.7968533	407
ALH36	4.12566547	0.518677854	248
ALH37	6.485375169	0.736359012	448
ALH38	5.106787501	0.616704368	311
ALH39	7.236420096	0.826557748	432
ALH4	7.012607212	0.809271248	406
ALH40	6.910875649	0.785825432	444
ALH41	6.80036938	0.788050567	396
ALH42	7.33410153	0.83394982	444
ALH43	6.627053866	0.781512452	357
ALH44	7.588504475	0.857591574	461
ALH45	6.990323168	0.79967392	428
ALH46	6.850279516	0.814188549	341
ALH47	7.173089089	0.815040413	446
ALH48	6.689990399	0.782739325	374
ALH49	7.174537091	0.809102466	467
ALH5	6.619409339	0.778040564	364
ALH50	6.728092036	0.749697038	503
ALH51	6.778577993	0.789587374	384
ALH52	6.183071902	0.746260922	312
ALH53	6.947250727	0.804057151	399
ALH54	6.284324209	0.761054746	306
ALH55	5.876418266	0.703497543	327
ALH56	6.989183109	0.789304008	463
ALH57	7.118946474	0.810688402	440
ALH58	6.701244285	0.774295333	403
ALH59	7.317562514	0.815903041	501
ALH6	6.921301726	0.783582917	456
ALH60	5.9880105	0.743866231	265
ALH61	6.525848018	0.756238073	396
ALH62	6.929237445	0.798996494	408
ALH63	7.156492666	0.809630917	458
ALH64	6.517047959	0.740226144	447
ALH65	6.860460326	0.796365803	392
ALH66	7.272796234	0.819047024	471
ALH67	7.572909967	0.83455939	539
ALH68	6.684099319	0.751716364	475
ALH69	7.053863465	0.812376813	411
ALH7	6.95124488	0.793080059	435
ALH70	5.546888761	0.660274773	338
ALH71	6.799207302	0.795877558	373
ALH72	6.013815456	0.734303331	292
ALH73	6.53443925	0.753473105	408
ALH74	6.586662493	0.77383152	365
ALH75	6.454490941	0.771484862	330
ALH76	7.245080936	0.818780615	461
ALH77	6.715604708	0.77342035	411
ALH78	6.372622146	0.729857897	425
ALH79	6.295530776	0.735594917	377
ALH8	6.320646934	0.751617683	340
ALH80	6.91224758	0.788630787	435
ALH81	7.391249691	0.841697634	440
ALH82	6.587262204	0.76968198	377
ALH83	7.070655125	0.808552256	429
ALH84	6.622303662	0.783975188	349
ALH85	7.246682611	0.829642075	426
ALH86	6.977464893	0.793104494	445
ALH87	6.982651986	0.815153857	379
ALH88	6.700098939	0.759358503	453
ALH89	6.071817969	0.717757202	352
ALH9	7.125615814	0.796303463	494
ALH90	5.398510304	0.66324421	282
ALH91	4.296152995	0.535152379	261
ALH92	6.661416144	0.771298561	398
ALH93	6.94816891	0.777236685	491
ALH94	6.194716043	0.728462251	363
ALH95	7.317419788	0.830830579	448
ALH96	6.836778266	0.784861691	419
CHT1	7.320773637	0.826460752	464
CHT10	6.331492891	0.736227565	388
CHT11	6.875598756	0.793135307	407
CHT12	7.025665194	0.791763052	469
CHT13	5.69097053	0.681657185	326
CHT14	5.672553735	0.681270855	321
CHT15	5.953914258	0.709811873	335
CHT16	5.912669936	0.684317398	399
CHT17	6.655374885	0.756215269	446
CHT18	7.622502066	0.843811041	524
CHT19	7.455270678	0.830725013	503
CHT2	6.582178315	0.752693354	429
CHT20	6.719290313	0.792389673	357
CHT3	7.260285396	0.814037081	484
CHT4	6.369605148	0.755922741	344
CHT5	5.624009871	0.67222009	330
CHT6	7.193943787	0.806598733	484
CHT7	6.840121438	0.782189984	429
CHT8	7.74557317	0.853335962	540
CHT9	7.435382235	0.828774022	502
DHT1	7.824162864	0.850030136	590
DHT10	6.042641753	0.697334969	406
DHT11	6.794502469	0.768131831	460
DHT12	7.184510877	0.798029379	513
DHT13	6.95178505	0.78425531	466
DHT14	6.956922665	0.787333977	457
DHT15	7.245492062	0.805054674	512
DHT16	7.35952917	0.812490163	533
DHT17	7.190715151	0.808968709	474
DHT18	7.501973351	0.827230871	537
DHT19	6.211634408	0.738654494	340
DHT2	7.119185428	0.795325549	495
DHT20	7.167905043	0.806956331	472
DHT21	5.054038748	0.610676991	310
DHT22	7.620994085	0.834785609	560
DHT23	6.163778948	0.710733008	408
DHT24	7.564666033	0.834639334	535
DHT25	7.319784051	0.813564303	511
DHT26	7.04182126	0.788232046	489
DHT27	7.749710685	0.846517166	570
DHT28	7.26989441	0.806759635	516
DHT29	7.285052953	0.801893958	543
DHT3	6.926451171	0.78847343	441
DHT30	7.417207175	0.821084895	524
DHT31	6.520503164	0.74393596	435
DHT32	6.991813477	0.7871321	472
DHT33	6.833014086	0.778709961	438
DHT34	6.37710895	0.724864094	445
DHT35	6.914358258	0.78195932	459
DHT36	7.149863953	0.80300526	479
DHT37	7.536358417	0.846986886	477
DHT38	7.577200104	0.831166544	555
DHT39	7.538087821	0.836262558	517
DHT4	5.610013274	0.656380315	374
DHT40	7.218191394	0.804307771	503
DHT41	6.660505094	0.768953559	405
DHT42	6.708406174	0.767127918	429
DHT43	6.864910755	0.781759429	440
DHT44	7.260421435	0.813509688	486
DHT45	7.008658693	0.791782354	462
DHT46	6.925095737	0.794374028	421
DHT47	7.355704938	0.808027286	550
DHT48	7.256111366	0.820901015	458
DHT49	6.411584035	0.731232807	436
DHT5	7.315756407	0.827354281	459
DHT50	7.088206229	0.806586803	442
DHT51	6.900094804	0.767158513	510
DHT52	6.106184631	0.715080345	372
DHT53	7.04809546	0.789456849	487
DHT54	7.4231554	0.818539738	537
DHT55	7.329812493	0.822937299	480
DHT56	7.450319469	0.822513389	533
DHT57	6.184629937	0.7148992	402
DHT58	6.656951165	0.754741054	452
DHT59	7.189449006	0.793713356	533
DHT6	7.4702734	0.830290583	511
DHT60	6.856421061	0.781671241	437
DHT61	7.225837308	0.818353817	455
DHT62	7.811003661	0.857795096	551
DHT63	7.199263599	0.799169744	515
DHT64	6.923772141	0.783862601	456
DHT65	7.066893676	0.796963069	467
DHT7	6.261930398	0.714977256	433
DHT8	7.448456006	0.827606223	512
DHT9	5.58037557	0.635717309	439
GLH10	4.96675258	0.618261055	262
GLH12	6.323742397	0.747537504	352
GLH13	7.064848959	0.812010564	416
GLH15	6.873664843	0.821158945	331
GLH16	3.617551727	0.494682022	159
GLH17	6.837950231	0.785618794	417
GLH18	7.062143321	0.810094683	421
GLH21	7.188607882	0.814137442	455
GLH22	6.007045406	0.726648181	308
GLH23	7.263247709	0.821708367	458
GLH24	6.613203819	0.764756937	401
GLH25	7.310345116	0.824418103	467
GLH26	7.31500068	0.824656134	468
GLH27	5.444779957	0.699720892	220
GLH28	5.949016874	0.745211282	253
GLH29	7.05558794	0.801101807	448
GLH30	5.218202089	0.680753217	203
GLH31	6.760607197	0.789936301	377
GLH32	6.190056421	0.744228609	319
GLH33	7.105406402	0.807945236	444
GLH34	5.677078957	0.726546958	225
GLH35	5.987419725	0.746340714	260
GLH36	6.595239658	0.786269202	335
GLH37	5.944424853	0.735500524	271
GLH38	5.5250814	0.704236621	230
GLH39	6.520712244	0.786573874	313
GLH40	5.635557929	0.716610445	233
GLH41	7.190413755	0.818217283	442
GLH43	7.177472039	0.82429953	418
GLH44	6.212297056	0.750628767	310
GLH45	6.804471192	0.781772355	417
GLH46	5.857425232	0.754671979	217
GLH47	7.045524006	0.802327229	440
GLH48	5.831189497	0.701847803	317
GLH49	5.38305461	0.700966021	205
GLH50	5.739228297	0.686711646	328
GLH51	3.825329571	0.541364462	134
GLH52	4.338717376	0.565494897	204
GLH53	3.755363098	0.521601945	147
GLH55	5.989493705	0.756928784	241
GLH56	4.789048061	0.642720759	175
GLH57	5.40106328	0.702030602	207
GLH58	5.246696624	0.635394234	306
GLH59	7.015505257	0.798313956	442
GLH61	4.502216392	0.577140644	223
GLH62	7.435409469	0.834231099	482
GLH63	5.715365977	0.717489424	250
GLH64	7.78491452	0.852260914	562
GLH65	7.347131075	0.82240715	489
GLH66	5.619173948	0.668879251	338
GLH68	7.513908378	0.850978972	455
GLH69	7.222991896	0.817154132	458
GLH7	7.153712809	0.824544518	409
GLH71	6.743637758	0.793756218	361
GLH73	5.179767074	0.678925804	198
GLH74	7.355388636	0.83483671	449
GLH76	7.379715637	0.841329818	437
GLH77	6.502350353	0.780089483	323
GLH79	7.447149869	0.843115884	456
GLH8	5.897509075	0.751107689	231
GLH80	5.104045924	0.641211644	249
GLH81	7.137154566	0.807155823	459
GLH82	6.779957326	0.76197742	477
GLH84	7.051400856	0.806350468	429
GLH85	6.894359081	0.782509849	449
GLH87	7.12482676	0.806048478	458
GLH88	7.327155367	0.829530919	456
GLH89	5.38675351	0.641213048	338
GLH90	7.550971523	0.836403428	522
GLH91	7.078819404	0.826013848	380
GLH92	6.47976767	0.747474177	407
GLH94	7.22817907	0.834148744	406
GLH95	7.082654933	0.805656205	443
HHT1	6.630487852	0.763926845	410
HHT10	6.3872934	0.745651775	379
HHT11	7.209591317	0.817102034	453
HHT12	7.313777461	0.826544143	461
HHT13	5.769329709	0.69868702	306
HHT14	7.198351897	0.807363087	483
HHT15	8.022876741	0.875631312	573
HHT16	7.305062858	0.83219397	439
HHT17	6.945989906	0.788657885	448
HHT18	7.487512568	0.828363721	526
HHT19	7.213982737	0.818787139	449
HHT2	6.475005983	0.742744473	421
HHT20	6.493588152	0.740865178	435
HHT21	6.497700866	0.748627889	410
HHT22	7.5617514	0.83114143	548
HHT23	5.514936039	0.688882673	257
HHT24	5.897530466	0.74530683	241
HHT25	6.035179193	0.778914427	215
HHT26	7.620774997	0.849984202	500
HHT27	7.031431548	0.815171446	395
HHT28	7.711959727	0.839410492	583
HHT29	5.970956318	0.707560563	347
HHT3	6.80583517	0.790702218	390
HHT30	7.76301145	0.852035545	553
HHT31	6.976738248	0.816658347	373
HHT32	8.018222674	0.883114281	541
HHT33	7.497675105	0.830754478	521
HHT34	6.626758749	0.742509576	486
HHT4	5.632302098	0.744043531	190
HHT5	6.492479982	0.757931243	379
HHT6	7.119822516	0.782567312	548
HHT7	6.836813444	0.785488188	417
HHT8	4.035584035	0.559009535	149
HHT9	6.370856005	0.754207794	349
HLH1	5.89974187	0.746720836	239
HLH10	5.782112003	0.730720696	241
HLH11	6.043275622	0.737014282	294
HLH12	7.220562431	0.833612031	405
HLH13	5.408135252	0.699817666	212
HLH14	7.605644944	0.84041682	530
HLH15	6.014749589	0.755621624	249
HLH16	5.254932922	0.705245475	175
HLH17	4.328277527	0.613480405	133
HLH18	5.532681081	0.743345839	174
HLH19	6.212969031	0.765734097	277
HLH2	6.355505506	0.775092618	294
HLH20	5.22256546	0.713277349	160
HLH21	6.340220892	0.762282838	319
HLH22	6.241264512	0.760253361	296
HLH23	5.808233126	0.742723812	226
HLH24	5.654901935	0.757257718	177
HLH25	5.084577645	0.669688036	193
HLH26	5.829570766	0.740120386	235
HLH27	5.647799189	0.755484293	178
HLH28	7.170743553	0.824510789	415
HLH29	2.22673168	0.354270356	78
HLH3	6.857002639	0.78262427	434
HLH30	4.95088735	0.683076278	152
HLH31	7.130040085	0.827658762	392
HLH32	3.88148947	0.525683223	167
HLH33	7.339136062	0.839901416	427
HLH34	5.795224678	0.792467856	159
HLH35	6.808969517	0.793824076	382
HLH4	7.292957943	0.83991276	411
HLH5	6.979643421	0.774309693	517
HLH6	6.957047878	0.782949089	473
HLH7	5.302307652	0.69632432	196
HLH8	7.211783966	0.823117251	434
HLH9	5.161197149	0.660524914	225
IHT1	6.325188735	0.724425337	425
IHT10	7.463105369	0.834291233	493
IHT11	5.841385401	0.691865983	348
IHT12	7.079460715	0.802064445	454
IHT13	6.782947712	0.774172008	434
IHT14	5.45411912	0.699747	222
IHT15	7.223747818	0.814652164	467
IHT16	6.251565721	0.730457865	377
IHT17	6.307070335	0.753079479	332
IHT18	6.811224096	0.78930845	396
IHT19	6.747196054	0.796060436	356
IHT2	6.933073969	0.797822277	413
IHT20	6.273000224	0.748237295	334
IHT21	6.557468049	0.775542788	351
IHT22	5.668914422	0.758308797	178
IHT23	6.585971253	0.757879493	413
IHT24	7.199004332	0.84116037	377
IHT25	6.798913934	0.778984406	424
IHT26	5.620596948	0.667365676	343
IHT27	6.071432686	0.727228456	326
IHT28	7.057892326	0.801656894	447
IHT29	5.086350429	0.596466039	369
IHT3	7.472244419	0.831032226	509
IHT30	5.766855351	0.722392583	253
IHT4	6.899010152	0.777489559	469
IHT5	5.964438821	0.701383002	363
IHT6	7.163839445	0.81369069	447
IHT7	6.033767749	0.705009481	377
IHT8	6.271094144	0.736415593	366
IHT9	6.912083358	0.802358232	392
ILH1	7.346117267	0.836246173	441
ILH10	7.121655486	0.802025871	471
ILH11	5.983999751	0.736104247	280
ILH12	6.634386878	0.792987254	330
ILH13	5.085865352	0.68562503	171
ILH14	6.74871156	0.813175371	315
ILH15	6.676133286	0.77332758	397
ILH16	6.981623817	0.809397111	395
ILH17	5.740490746	0.748889652	203
ILH18	5.805247126	0.729302226	249
ILH19	7.879387595	0.859734601	574
ILH2	6.923776744	0.815728939	359
ILH20	5.39635272	0.652038618	310
ILH21	7.175623623	0.812666925	455
ILH24	7.01748011	0.8027806	428
ILH25	6.491385758	0.754494151	389
ILH26	6.386022415	0.765723893	324
ILH27	6.460596538	0.762246311	356
ILH28	6.840059074	0.798153363	380
ILH29	6.265053524	0.752429782	321
ILH3	7.459877617	0.849830493	439
ILH30	6.901539696	0.788910329	430
ILH31	5.687805176	0.683102545	321
ILH33	5.798405453	0.760012376	198
ILH34	6.37240058	0.760486077	333
ILH35	5.733710207	0.712275538	265
ILH36	5.774898844	0.724962996	250
ILH37	6.608141609	0.774215396	371
ILH38	6.622161521	0.805223756	299
ILH39	7.02966296	0.797866841	449
ILH4	7.472354828	0.838658192	481
ILH40	5.901823254	0.722827989	287
ILH42	4.675439371	0.640139612	158
ILH43	6.615968331	0.75454257	436
ILH5	7.035988722	0.807412266	420
ILH6	7.152304802	0.826071853	404
ILH7	3.878720493	0.524089134	169
ILH8	6.913572612	0.800494744	398
ILH9	5.885157015	0.686121346	382
