#OTU ID	acetylcoa	but	buk	succinate	pdiol	"propionate
"	Group
ALH1	37.9114	32.96527	14.5737	5.143972	10.566	15.709972	LH
ALH10	27.54096	25.17297	4.456268	8.687514	3.798027	12.485541	LH
ALH11	37.2093	30.95193	7.464975	17.72018	2.693523	20.413703	LH
ALH12	24.9684	19.05259	9.056438	27.76831	10.74353	38.51184	LH
ALH13	23.43402	17.16561	9.032635	7.831583	4.99314	12.824723	LH
ALH14	20.44323	13.61235	4.7896	23.82256	3.269092	27.091652	LH
ALH15	38.58972	30.99258	11.22835	4.04599	5.632368	9.678358	LH
ALH16	53.47248	42.49169	11.8997	5.656631	3.444773	9.101404	LH
ALH17	12.21712	10.16243	2.807904	39.43022	2.529505	41.959725	LH
ALH18	22.44169	17.00572	5.963476	30.87713	2.136065	33.013195	LH
ALH19	25.75171	15.88478	10.26278	30.74202	3.457424	34.199444	LH
ALH2	23.0437	19.23814	4.645231	21.33269	1.753831	23.086521	LH
ALH20	25.36806	16.95721	11.11417	14.67879	3.702428	18.381218	LH
ALH21	41.95311	22.15996	24.5909	10.06384	2.157732	12.221572	LH
ALH22	13.57292	10.10367	3.997741	0.703695	1.287212	1.990907	LH
ALH23	25.34981	21.86229	6.383653	23.52553	4.955383	28.480913	LH
ALH24	49.58441	43.40169	6.915111	7.821229	3.610846	11.432075	LH
ALH25	61.78266	14.24662	47.1788	2.006638	2.434822	4.44146	LH
ALH26	23.39999	9.468334	13.26012	1.728936	4.511557	6.240493	LH
ALH27	9.300609	7.09725	2.037276	4.665067	6.626684	11.291751	LH
ALH28	22.54243	15.82335	9.872611	3.166897	1.768295	4.935192	LH
ALH29	38.89469	30.46377	9.5109	4.608786	2.573276	7.182062	LH
ALH3	30.47754	21.82723	12.07785	19.3062	2.713592	22.019792	LH
ALH30	21.29958	15.56657	7.117564	8.512748	4.497167	13.009915	LH
ALH31	41.28063	26.78805	14.50795	2.235538	3.046017	5.281555	LH
ALH32	37.32773	29.11804	15.57943	10.37503	2.709833	13.084863	LH
ALH33	25.07761	17.75696	7.924592	6.304679	4.814585	11.119264	LH
ALH34	22.50208	11.19849	10.86145	22.63618	14.26449	36.90067	LH
ALH35	34.97218	16.59902	20.5761	11.018	5.13257	16.15057	LH
ALH36	74.78468	68.93106	6.200365	0.503337	2.904441	3.407778	LH
ALH37	23.91495	16.64895	9.013173	0.383638	14.36561	14.749248	LH
ALH38	14.78604	13.09324	2.218706	4.264774	4.224812	8.489586	LH
ALH39	35.98338	21.76524	18.78342	14.29218	3.302624	17.594804	LH
ALH4	25.53917	15.95272	10.4758	14.67798	5.180464	19.858444	LH
ALH40	39.12687	36.22476	6.114019	8.378734	3.404195	11.782929	LH
ALH41	35.05035	26.19465	21.0909	3.02678	3.980531	7.007311	LH
ALH42	49.69421	32.09498	17.44814	5.995923	2.607027	8.60295	LH
ALH43	21.79201	13.28428	15.83941	7.11859	4.292061	11.410651	LH
ALH44	43.88312	29.08005	17.13593	1.729947	2.234351	3.964298	LH
ALH45	29.44544	15.65001	14.55177	27.4199	2.349315	29.769215	LH
ALH46	47.6623	14.6413	32.46549	17.73598	2.138617	19.874597	LH
ALH47	39.03618	24.76243	16.38373	17.53374	2.522308	20.056048	LH
ALH48	34.56661	16.14146	17.08045	22.90067	6.330535	29.231205	LH
ALH49	36.97611	27.17653	10.82251	11.67869	14.20555	25.88424	LH
ALH5	18.63803	15.24704	7.959829	30.78544	2.454901	33.240341	LH
ALH50	52.59836	43.19216	9.989724	2.198326	3.926894	6.12522	LH
ALH51	29.46953	13.99644	18.8333	4.619996	4.332464	8.95246	LH
ALH52	11.02832	5.692996	5.802285	5.146547	7.431694	12.578241	LH
ALH53	28.09648	15.42552	13.29039	6.112101	4.571742	10.683843	LH
ALH54	15.02486	8.336402	6.4652	8.083226	15.73145	23.814676	LH
ALH55	17.33763	12.09278	7.896907	25.89691	2.335052	28.231962	LH
ALH56	29.29066	21.06324	10.98367	18.05125	2.681339	20.732589	LH
ALH57	36.15114	30.65228	6.212508	12.72495	3.278632	16.003582	LH
ALH58	28.13506	19.01864	10.93321	24.95643	3.840359	28.796789	LH
ALH59	54.07818	44.05307	7.825637	1.836873	3.645854	5.482727	LH
ALH6	36.35471	28.17768	9.925038	11.25405	2.694033	13.948083	LH
ALH60	4.876224	2.605347	1.9034	39.10001	12.67906	51.77907	LH
ALH61	36.49756	27.1125	10.25107	1.043687	0.924901	1.968588	LH
ALH62	26.59546	20.27519	7.396402	10.6944	15.99475	26.68915	LH
ALH63	53.91315	37.07269	21.20155	12.09897	2.070438	14.169408	LH
ALH64	32.64629	27.22792	10.00625	5.319599	1.542059	6.861658	LH
ALH65	29.45452	24.36228	6.351541	6.996849	7.968608	14.965457	LH
ALH66	38.04371	31.10273	15.74713	8.037303	10.5147	18.552003	LH
ALH67	35.02686	21.16022	15.19237	6.717171	5.749635	12.466806	LH
ALH68	49.64976	42.299	20.456	20.32763	5.162839	25.490469	LH
ALH69	33.28304	23.28652	9.996518	46.1726	2.187917	48.360517	LH
ALH7	33.84028	17.9224	9.947334	6.362855	4.33147	10.694325	LH
ALH70	25.75857	10.49055	5.172414	3.982132	10.60767	14.589802	LH
ALH71	18.79109	12.98515	5.243902	40.89077	5.206787	46.097557	LH
ALH72	9.179123	5.349259	3.652825	30.99747	15.26567	46.26314	LH
ALH73	43.17621	29.87465	22.57329	1.419248	2.117476	3.536724	LH
ALH74	38.58396	15.83263	23.70409	10.51262	1.66867	12.18129	LH
ALH75	54.17746	26.11137	24.06185	1.940119	2.545494	4.485613	LH
ALH76	29.37257	23.96222	6.530493	2.723479	13.05366	15.777139	LH
ALH77	64.44458	51.3172	29.61168	2.628449	2.408421	5.03687	LH
ALH78	32.19371	18.55206	16.27774	10.35395	1.607887	11.961837	LH
ALH79	33.29536	30.075	3.592519	4.686224	3.003893	7.690117	LH
ALH8	41.35019	20.23042	25.37112	2.659061	2.661307	5.320368	LH
ALH80	31.66691	18.86004	13.3016	17.49849	2.120274	19.618764	LH
ALH81	28.3075	18.15792	12.77402	7.780949	7.973992	15.754941	LH
ALH82	24.49699	14.73361	9.638752	0.678878	2.776184	3.455062	LH
ALH83	33.91079	27.81511	4.792358	3.675221	8.208532	11.883753	LH
ALH84	49.00557	24.29688	26.37465	1.984183	3.509757	5.49394	LH
ALH85	33.82519	27.3528	8.767056	5.68418	3.033484	8.717664	LH
ALH86	49.97509	22.41594	27.74595	7.353674	3.122665	10.476339	LH
ALH87	32.22296	21.84149	13.05081	9.34746	2.669339	12.016799	LH
ALH88	49.32748	41.02401	10.36862	11.03004	1.429115	12.459155	LH
ALH89	35.34408	12.90778	22.67039	5.690105	2.836049	8.526154	LH
ALH9	40.76455	37.1978	6.653478	11.01155	3.130364	14.141914	LH
ALH90	40.1002	18.94411	21.47664	36.018	1.645191	37.663191	LH
ALH91	8.878823	8.038778	1.154339	0.362825	2.247438	2.610263	LH
ALH92	59.12373	31.40329	29.56088	0.427736	2.191657	2.619393	LH
ALH93	32.2873	26.37175	6.695394	14.88256	2.601813	17.484373	LH
ALH94	48.46445	42.91781	5.91434	14.92568	6.670465	21.596145	LH
ALH95	46.05689	37.39102	15.06252	5.218453	2.244308	7.462761	LH
ALH96	42.94194	31.9107	11.66793	9.776336	3.07667	12.853006	LH
GLH10	9.134259	7.703719	1.557698	16.24104	1.59302	17.83406	LH
GLH12	18.31188	11.8104	6.034662	4.076657	11.77071	15.847367	LH
GLH13	43.00798	19.17394	23.56167	9.297814	1.984927	11.282741	LH
GLH15	21.18065	18.28876	5.62142	21.56052	9.015715	30.576235	LH
GLH16	2.604854	1.802579	1.152635	14.23784	0.13202	14.36986	LH
GLH17	38.06511	24.00635	18.93918	11.83734	0.850103	12.687443	LH
GLH18	26.43768	20.91518	7.224904	8.261309	1.784712	10.046021	LH
GLH21	56.33905	34.10924	23.4338	4.56315	0.477586	5.040736	LH
GLH22	18.08448	12.6229	7.006616	35.04936	0.96285	36.01221	LH
GLH23	41.34852	32.75167	10.1984	20.10654	0.31758	20.42412	LH
GLH24	37.18819	29.67107	7.948154	15.40108	0.602225	16.003305	LH
GLH25	38.46834	30.35567	10.83676	23.12294	3.090049	26.212989	LH
GLH26	36.13985	24.2336	16.89446	15.66967	1.126137	16.795807	LH
GLH27	7.683773	3.800637	4.389508	2.241693	21.21074	23.452433	LH
GLH28	12.86626	11.49439	8.538519	0.089211	3.715158	3.804369	LH
GLH29	47.58818	40.69113	8.562045	7.122662	0.511209	7.633871	LH
GLH30	40.80307	7.697521	31.4226	7.313492	28.14706	35.460552	LH
GLH31	21.47469	16.96603	5.343095	11.98672	1.411941	13.398661	LH
GLH32	10.0617	5.424702	3.651391	9.289511	16.19262	25.482131	LH
GLH33	44.17128	28.8582	14.54464	13.27227	8.987388	22.259658	LH
GLH34	3.401243	2.777434	1.049583	3.304701	19.97178	23.276481	LH
GLH35	7.835848	2.190861	5.695517	10.22522	20.8186	31.04382	LH
GLH36	21.55868	7.715607	13.72027	19.61442	3.696124	23.310544	LH
GLH37	7.841833	3.69674	3.014087	10.56955	18.84527	29.41482	LH
GLH38	9.649403	6.37	3.35202	42.19653	2.498039	44.694569	LH
GLH39	54.1487	21.0801	34.28334	9.943272	2.890855	12.834127	LH
GLH40	30.5696	26.28918	4.191201	17.49043	2.519875	20.010305	LH
GLH41	58.5766	38.53453	25.75903	3.744303	0.40201	4.146313	LH
GLH43	39.98037	27.29949	18.64875	2.912411	1.330628	4.243039	LH
GLH44	8.072776	5.938005	1.595687	13.67655	16.6496	30.32615	LH
GLH45	20.35317	13.42655	8.764962	15.76405	15.87945	31.6435	LH
GLH46	7.80476	7.271279	0.481519	37.72474	12.02757	49.75231	LH
GLH47	29.13239	22.64398	8.255423	12.13538	10.74233	22.87771	LH
GLH48	43.1091	39.41587	4.318824	23.85152	0.218579	24.070099	LH
GLH49	6.400587	2.495006	2.246321	3.962656	24.72991	28.692566	LH
GLH50	22.86525	17.11063	5.356852	3.172378	1.537283	4.709661	LH
GLH51	0.478147	0.289877	0.201718	10.53269	1.988793	12.521483	LH
GLH52	43.58527	2.390736	6.217574	4.146433	2.826547	6.97298	LH
GLH53	5.46698	1.215369	4.269036	0.165534	6.802143	6.967677	LH
GLH55	6.567996	3.395886	3.690327	9.936401	16.31203	26.248431	LH
GLH56	15.51827	2.378929	12.93968	0.581988	5.48853	6.070518	LH
GLH57	3.187853	1.472328	0.847903	15.94584	19.50835	35.45419	LH
GLH58	26.9465	15.55546	11.95459	53.28803	0.294203	53.582233	LH
GLH59	25.20586	19.6912	6.46912	3.053649	4.4136	7.467249	LH
GLH61	21.87147	21.32492	1.375801	5.723081	3.181932	8.905013	LH
GLH62	30.43428	20.68838	12.03511	13.79071	8.309078	22.099788	LH
GLH63	40.07005	39.66513	2.374851	11.85888	0.292158	12.151038	LH
GLH64	54.49942	45.02156	12.76261	6.973243	1.895572	8.868815	LH
GLH65	34.70694	22.25828	12.95015	2.616352	8.92691	11.543262	LH
GLH66	35.57812	33.73222	1.632666	6.673881	3.653607	10.327488	LH
GLH68	34.27882	28.80852	7.586861	1.896715	4.577981	6.474696	LH
GLH69	49.6653	34.46817	21.82546	13.1848	1.069815	14.254615	LH
GLH7	23.62001	17.24441	7.030753	26.28954	3.055786	29.345326	LH
GLH71	52.24212	51.03203	10.72618	15.78356	2.30403	18.08759	LH
GLH73	1.353028	0.82965	0.480732	35.20586	15.7052	50.91106	LH
GLH74	44.99242	40.1846	6.598705	1.253616	6.006337	7.259953	LH
GLH76	40.41189	29.61944	18.84816	0.499513	6.35821	6.857723	LH
GLH77	15.83375	11.15177	9.459051	6.318519	1.372902	7.691421	LH
GLH79	40.90817	29.95872	14.48399	11.66913	1.252434	12.921564	LH
GLH8	5.881654	1.692634	4.238513	15.21391	1.722329	16.936239	LH
GLH80	7.396014	5.43234	3.978926	25.66408	1.843938	27.508018	LH
GLH81	33.79002	26.51953	12.2382	8.380881	0.867812	9.248693	LH
GLH82	65.88138	59.89056	5.645928	10.73106	0.509193	11.240253	LH
GLH84	37.82965	17.31319	22.93027	14.29924	0.414608	14.713848	LH
GLH85	54.83415	34.48357	26.63889	7.624587	2.177331	9.801918	LH
GLH87	41.63341	36.49188	6.153132	6.593968	3.271462	9.86543	LH
GLH88	50.80686	45.87524	10.55431	9.490556	1.000434	10.49099	LH
GLH89	24.68693	22.07327	4.174244	15.09829	0.176669	15.274959	LH
GLH90	45.14886	40.86388	6.590948	11.39907	0.92583	12.3249	LH
GLH91	34.308	24.13825	9.038079	21.29989	0.896161	22.196051	LH
GLH92	32.24469	20.98669	11.79944	4.343068	1.224008	5.567076	LH
GLH94	46.41386	19.25277	30.39322	25.35301	0.441351	25.794361	LH
GLH95	41.95635	31.02638	13.69796	3.777719	0.447016	4.224735	LH
HLH1	20.45682	7.723055	12.70164	6.163455	17.49465	23.658105	LH
HLH10	10.52355	9.309108	1.173799	0.234282	2.338035	2.572317	LH
HLH11	29.62246	25.15029	5.553739	9.854868	0.769676	10.624544	LH
HLH12	33.05135	27.47361	12.15954	1.739337	9.246156	10.985493	LH
HLH13	7.88348	7.076154	3.907097	2.168936	16.89059	19.059526	LH
HLH14	54.56366	38.93493	19.5667	4.149286	0.861831	5.011117	LH
HLH15	22.78796	8.915561	13.94399	6.46873	11.51821	17.98694	LH
HLH16	9.489431	8.32852	0.883678	0.762389	1.091602	1.853991	LH
HLH17	0.373255	0.205136	0.080204	0.035475	7.92319	7.958665	LH
HLH18	3.647019	2.107988	0.489304	0.981452	14.93514	15.916592	LH
HLH19	14.63296	13.64571	8.11488	7.467933	2.213829	9.681762	LH
HLH2	14.13569	8.699832	6.947047	6.838576	15.45706	22.295636	LH
HLH20	14.2586	10.60599	3.40725	0.587936	1.161983	1.749919	LH
HLH21	27.80021	16.79654	10.67505	7.567365	19.44418	27.011545	LH
HLH22	13.36436	12.20351	6.637227	6.243224	4.014068	10.257292	LH
HLH23	8.36357	7.006187	5.215485	2.304941	3.933801	6.238742	LH
HLH24	2.75	2.245327	0.221963	6.049065	15.42056	21.469625	LH
HLH25	17.61539	11.74539	6.867777	61.88895	0.262006	62.150956	LH
HLH26	9.012421	7.622681	5.255389	14.1202	4.311257	18.431457	LH
HLH27	3.120696	2.035236	0.842876	3.871061	15.19232	19.063381	LH
HLH28	39.7758	36.65032	5.926664	8.293754	2.060671	10.354425	LH
HLH29	2.131103	2.072256	0.07566	0.147118	0.031525	0.178643	LH
HLH3	33.30957	18.65344	19.72732	0.762732	2.636071	3.398803	LH
HLH30	0.2668	0.236785	0.010005	1.243955	3.998666	5.242621	LH
HLH31	24.96431	22.98033	4.186453	8.623452	2.601602	11.225054	LH
HLH32	2.132265	1.436861	0.665469	4.02275	4.457953	8.480703	LH
HLH33	48.4059	32.90889	18.88279	2.658861	2.134407	4.793268	LH
HLH34	14.1381	7.117335	5.475616	4.005311	0.953646	4.958957	LH
HLH35	63.77686	46.51985	33.35765	0.484213	0.961794	1.446007	LH
HLH4	37.86911	34.7471	4.75311	30.08745	4.141169	34.228619	LH
HLH5	44.97521	36.8719	7.347451	20.59796	0.544709	21.142669	LH
HLH6	42.15121	38.03566	19.94603	2.982908	1.578345	4.561253	LH
HLH7	9.43733	8.661038	5.020399	1.94073	11.99853	13.93926	LH
HLH8	31.18207	28.21968	6.057517	1.090699	2.433394	3.524093	LH
HLH9	40.7381	14.10511	0.570154	3.668815	11.17067	14.839485	LH
ILH1	35.89137	20.31488	17.34873	27.75561	0.338215	28.093825	LH
ILH10	33.51347	23.47585	10.18093	39.55037	0.946438	40.496808	LH
ILH11	21.04405	8.546959	13.20205	3.594733	5.080401	8.675134	LH
ILH12	16.23157	10.24159	6.06706	2.036552	7.663441	9.699993	LH
ILH13	2.426756	0.743813	0.727759	33.49565	22.38127	55.87692	LH
ILH14	25.699	24.70145	1.228756	2.592186	3.157104	5.74929	LH
ILH15	25.79073	14.46374	11.76528	7.042161	17.44677	24.488931	LH
ILH16	45.22641	18.90848	27.81086	8.55674	0.871358	9.428098	LH
ILH17	2.982986	1.090079	1.053252	7.96936	7.785225	15.754585	LH
ILH18	15.07304	12.64921	7.409056	0.809291	4.378262	5.187553	LH
ILH19	46.40492	38.70609	9.770572	21.9414	0.810682	22.752082	LH
ILH2	33.59714	28.3835	6.8996	33.16986	3.264576	36.434436	LH
ILH20	20.27054	16.78102	3.793374	3.518918	5.626348	9.145266	LH
ILH21	29.53666	20.74561	9.589917	17.61051	10.58406	28.19457	LH
ILH24	55.29892	24.12657	33.96909	7.524059	3.91951	11.443569	LH
ILH25	37.88672	21.61789	15.13477	22.11906	2.480162	24.599222	LH
ILH26	51.31378	18.22585	31.91098	4.80711	0.56426	5.37137	LH
ILH27	15.15006	10.6396	6.081022	0.244991	24.31971	24.564701	LH
ILH28	33.62078	25.8598	14.98751	9.231414	0.892664	10.124078	LH
ILH29	69.02436	63.54258	17.29039	11.90737	0.36216	12.26953	LH
ILH3	39.00203	23.16268	21.41663	1.281947	1.887221	3.169168	LH
ILH30	58.84386	30.60785	35.19066	11.30701	0.65655	11.96356	LH
ILH31	22.32693	7.55514	15.26599	0.250484	2.955712	3.206196	LH
ILH33	2.943358	1.782381	1.132847	0.378468	20.06393	20.442398	LH
ILH34	50.3577	23.161	27.29772	5.072368	0.819726	5.892094	LH
ILH35	10.94615	4.950931	6.813035	0.342854	5.696402	6.039256	LH
ILH36	16.77331	4.048289	1.340898	0.294343	6.11296	6.407303	LH
ILH37	50.83604	49.07424	3.031647	3.913043	0.982944	4.895987	LH
ILH38	25.87295	18.41989	7.042254	10.06455	3.997946	14.062496	LH
ILH39	38.07087	27.4712	16.12837	43.80014	0.851162	44.651302	LH
ILH4	49.47187	24.10396	25.80406	27.68217	1.379658	29.061828	LH
ILH40	6.712486	5.019656	2.214318	3.719948	16.38275	20.102698	LH
ILH42	4.832871	3.206243	2.285976	0.648771	10.38621	11.034981	LH
ILH43	35.05351	22.60497	16.60167	31.18203	0.428961	31.610991	LH
ILH5	34.78148	27.98861	6.018931	41.98579	1.311966	43.297756	LH
ILH6	49.88583	40.41102	9.525222	4.228819	1.266273	5.495092	LH
ILH7	4.244103	3.410484	0.877752	7.017114	11.3691	18.386214	LH
ILH8	39.4045	35.89502	12.4797	3.099918	1.026245	4.126163	LH
ILH9	20.77178	18.67841	3.234853	46.17663	2.512047	48.688677	LH
AHH1	29.96995	8.900108	1.687703	1.497776	16.66787	18.165646	HH
AHH10	37.40238	32.70213	5.942106	29.48741	2.322236	31.809646	HH
AHH11	27.48479	17.51606	11.72245	2.915821	4.468813	7.384634	HH
AHH12	19.03053	15.65722	3.696632	62.77909	1.927238	64.706328	HH
AHH13	38.78887	30.706	6.59872	21.80479	3.65273	25.45752	HH
AHH14	29.85413	24.09291	4.900098	39.68804	3.223829	42.911869	HH
AHH15	20.86921	10.89439	11.2634	25.2504	6.02706	31.27746	HH
AHH16	34.80947	30.6994	4.768809	34.17279	2.35131	36.5241	HH
AHH17	21.35524	18.02071	3.312204	36.9342	4.008571	40.942771	HH
AHH18	27.08657	21.69028	5.115963	14.88798	2.06084	16.94882	HH
AHH19	40.05344	36.01652	4.678164	19.33932	4.114647	23.453967	HH
AHH2	37.15613	32.06027	12.12628	5.745055	2.668433	8.413488	HH
AHH20	30.19235	22.66647	7.821242	24.78448	3.340297	28.124777	HH
AHH21	49.74415	41.13152	9.981614	10.57085	2.193031	12.763881	HH
AHH22	42.67224	39.41587	7.350765	7.017544	4.285874	11.303418	HH
AHH23	43.10458	37.68972	4.793772	7.334995	4.299523	11.634518	HH
AHH24	55.75375	49.49024	10.75349	4.774224	1.65098	6.425204	HH
AHH25	71.4988	62.34611	10.16484	3.224407	2.179212	5.403619	HH
AHH26	30.87699	24.19499	8.623574	31.50726	2.679372	34.186632	HH
AHH27	26.09417	18.27553	9.08535	32.48886	2.775108	35.263968	HH
AHH28	15.72737	12.43931	3.500092	33.94997	8.770205	42.720175	HH
AHH29	36.55462	31.44087	6.615085	12.5538	4.186309	16.740109	HH
AHH3	38.17777	34.60613	3.273756	28.5581	2.560631	31.118731	HH
AHH30	23.4168	18.29645	7.073028	45.66455	1.983307	47.647857	HH
AHH31	49.41835	43.10507	8.419795	4.125008	5.206565	9.331573	HH
AHH32	38.69518	32.3369	6.848492	13.65133	2.518323	16.169653	HH
AHH33	47.97601	37.52659	10.7423	19.26362	2.956661	22.220281	HH
AHH34	40.57671	30.23532	17.52733	7.850346	1.721332	9.571678	HH
AHH35	35.2906	29.67104	6.261865	15.07476	2.171369	17.246129	HH
AHH36	18.82726	14.54031	6.23671	16.58377	3.048978	19.632748	HH
AHH37	37.93544	33.78863	5.618336	17.55515	2.007075	19.562225	HH
AHH38	40.39274	38.13046	15.23874	12.59718	8.180229	20.777409	HH
AHH39	40.3857	33.2445	11.13392	3.419964	1.383877	4.803841	HH
AHH4	53.04618	43.87207	5.726943	16.3724	3.023542	19.395942	HH
AHH40	41.10475	34.55445	6.958622	3.03649	2.475774	5.512264	HH
AHH41	26.6363	14.43596	13.86402	34.58617	1.917494	36.503664	HH
AHH42	45.93969	42.36974	5.402038	15.04169	1.725074	16.766764	HH
AHH43	37.60742	27.63746	10.7849	17.43764	5.14823	22.58587	HH
AHH44	5.016215	1.787793	1.164144	22.26634	2.114169	24.380509	HH
AHH45	51.38249	48.71879	7.603687	19.91189	2.509242	22.421132	HH
AHH46	14.72488	6.56168	8.232354	27.6565	2.184607	29.841107	HH
AHH47	55.2464	49.91747	14.95913	8.777411	1.961015	10.738426	HH
AHH48	10.11181	3.754284	6.51158	9.324264	8.55229	17.876554	HH
AHH49	43.44999	34.85875	7.949057	9.578803	2.690159	12.268962	HH
AHH5	29.37148	19.85087	8.624552	2.729775	3.891449	6.621224	HH
AHH50	35.34875	22.43877	8.809391	27.63808	3.113044	30.751124	HH
AHH6	26.98712	22.33211	5.064397	9.719411	4.116835	13.836246	HH
AHH7	27.51223	20.03986	8.378329	31.41511	3.199855	34.614965	HH
AHH8	32.99755	26.11723	6.543576	15.47857	2.288682	17.767252	HH
AHH9	43.66782	39.18984	9.631582	9.613404	4.986972	14.600376	HH
CHH1	28.07378	24.13144	8.741563	2.449379	2.702871	5.15225	HH
CHH10	41.14116	36.89409	15.14208	2.674366	1.428354	4.10272	HH
CHH11	13.72606	11.5329	2.438131	0.513088	9.42268	9.935768	HH
CHH12	46.56433	27.61581	18.43886	7.214149	1.240785	8.454934	HH
CHH13	27.86038	13.65602	15.78614	7.887799	6.938732	14.826531	HH
CHH14	19.51056	13.69221	8.429581	5.178936	4.459174	9.63811	HH
CHH15	20.08592	17.88597	4.553502	19.65374	1.595939	21.249679	HH
CHH16	33.30135	15.60522	20.07493	5.0215	1.384096	6.405596	HH
CHH17	11.29038	10.55766	1.678397	72.90742	0.617217	73.524637	HH
CHH18	14.46955	8.678631	7.787124	2.116361	2.023334	4.139695	HH
CHH19	51.95537	42.07853	14.41539	6.649872	2.263276	8.913148	HH
CHH2	37.18033	30.20954	10.46444	0.507342	2.363471	2.870813	HH
CHH20	9.403593	7.908982	1.662275	12.11497	2.553293	14.668263	HH
CHH3	21.45359	8.411778	13.15127	0.429619	14.14459	14.574209	HH
CHH4	8.943089	7.347026	1.459136	10.7531	1.56611	12.31921	HH
CHH5	22.43328	7.54717	13.83223	0.917899	1.534081	2.45198	HH
CHH6	43.08806	38.02274	13.57955	2.668922	1.823137	4.492059	HH
CHH7	18.96179	13.90663	5.562899	1.299616	4.43253	5.732146	HH
CHH8	31.53591	25.69093	8.034327	2.682614	2.479897	5.162511	HH
CHH9	44.63022	40.71079	16.88633	2.627338	2.143885	4.771223	HH
HHH1	36.36904	25.23232	11.3932	51.47573	0.256487	51.732217	HH
HHH10	52.9274	35.83964	17.44724	3.451479	0.993638	4.445117	HH
HHH11	55.15355	18.05507	34.11774	6.528219	4.698592	11.226811	HH
HHH12	6.89103	1.612856	5.324755	2.669656	7.2957	9.965356	HH
HHH13	34.04451	25.73159	7.914795	1.63332	0.197359	1.830679	HH
HHH14	49.47734	33.8404	15.63695	1.266981	10.8151	12.082081	HH
HHH15	31.16729	23.00372	9.052045	0.39777	2.230483	2.628253	HH
HHH16	51.37762	31.22018	22.99022	27.21851	0.199785	27.418295	HH
HHH17	21.76888	17.74298	4.738392	5.357762	1.364345	6.722107	HH
HHH18	31.90589	20.97116	10.90274	0.575901	0.910612	1.486513	HH
HHH19	31.94974	22.74546	8.855282	0.623546	2.596557	3.220103	HH
HHH2	24.27909	16.45574	4.442383	54.63722	0.337725	54.974945	HH
HHH20	16.12989	10.86095	6.354704	2.301415	15.71357	18.014985	HH
HHH21	26.48472	21.41478	6.805699	1.22082	10.31153	11.53235	HH
HHH22	32.10175	15.70331	14.80922	1.919154	13.11925	15.038404	HH
HHH23	3.621125	1.426698	2.69985	0.463837	26.72979	27.193627	HH
HHH24	29.07635	24.35397	10.56522	1.161529	1.484176	2.645705	HH
HHH25	69.23903	61.13765	8.831879	5.923695	1.215206	7.138901	HH
HHH26	61.59705	37.78776	25.88922	4.001172	11.92295	15.924122	HH
HHH27	34.94031	26.13085	9.153059	8.380858	7.704297	16.085155	HH
HHH28	41.79048	24.70245	22.12237	9.010304	4.055835	13.066139	HH
HHH29	47.968	26.85556	20.75573	1.865111	11.73083	13.595941	HH
HHH3	35.79829	29.90085	5.996581	48.60855	0.403419	49.011969	HH
HHH30	19.27819	13.00884	6.027251	25.46872	0.616519	26.085239	HH
HHH31	44.29931	43.01766	1.713543	0.080761	13.03768	13.118441	HH
HHH32	7.385802	4.53332	2.669567	8.433854	24.8072	33.241054	HH
HHH33	26.04433	11.83907	13.64207	64.05737	0.255257	64.312627	HH
HHH34	58.89954	50.07198	8.83458	4.013484	0.358159	4.371643	HH
HHH35	3.258056	1.597164	1.652925	39.38742	1.82021	41.20763	HH
HHH4	16.55611	16.05291	0.39265	48.31504	0.949222	49.264262	HH
HHH5	34.79007	27.39778	8.037184	47.32094	0.277854	47.598794	HH
HHH6	37.2549	21.30366	15.78819	22.21679	1.822184	24.038974	HH
HHH7	70.0649	51.20746	20.98585	16.29342	0.467782	16.761202	HH
HHH8	4.920952	2.870555	2.050397	3.73388	0.248206	3.982086	HH
HHH9	53.61593	44.62447	14.18509	4.47638	1.968575	6.444955	HH
ILT1	37.52608	28.58136	10.54416	32.62344	1.842837	34.466277	LT
ILT10	37.60036	21.49123	13.32516	25.28992	0.550104	25.840024	LT
ILT11	20.36294	17.6758	4.147037	9.242133	0.465306	9.707439	LT
ILT12	44.76234	37.59726	10.47531	13.76786	0.49512	14.26298	LT
ILT13	15.10809	7.619182	3.225125	52.29209	0.242941	52.535031	LT
ILT14	49.09599	26.18136	22.89786	0.558893	3.548973	4.107866	LT
ILT15	58.50213	38.79273	20.1982	1.499883	0.847032	2.346915	LT
ILT16	30.12178	15.29974	7.077979	36.3722	0.605531	36.977731	LT
ILT17	46.21826	39.10563	4.269415	7.618697	0.699301	8.317998	LT
ILT18	20.93093	9.86948	6.847846	31.59902	13.11759	44.71661	LT
ILT19	36.65176	24.14957	10.12187	2.428546	1.709627	4.138173	LT
ILT2	12.78095	10.79375	2.963823	5.132197	2.465606	7.597803	LT
ILT20	38.57937	29.81429	12.71963	6.05196	0.775892	6.827852	LT
ILT21	56.3128	40.65147	15.15133	0.676968	0.698218	1.375186	LT
ILT22	18.71166	10.99154	10.65495	0.86387	2.782291	3.646161	LT
ILT23	61.07236	51.47845	11.03599	17.54889	0.795926	18.344816	LT
ILT24	48.18128	35.94396	10.92919	7.030129	1.291248	8.321377	LT
ILT25	49.81076	40.81317	8.530221	11.99392	0.656612	12.650532	LT
ILT26	18.62571	10.86648	8.647017	5.924479	2.26089	8.185369	LT
ILT27	52.23141	47.49536	7.217021	8.789027	8.309957	17.098984	LT
ILT28	45.51248	26.77908	17.15348	0.013277	0.716941	0.730218	LT
ILT29	36.39804	24.98453	10.52045	14.53835	1.572144	16.110494	LT
ILT30	6.099975	4.080054	2.058071	0.407284	3.598532	4.005816	LT
ILT31	31.10914	26.82358	9.244662	12.36816	1.961437	14.329597	LT
ILT32	55.26549	44.37115	13.06802	0.147075	0.32443	0.471505	LT
ILT33	53.33861	35.12328	25.12238	15.35431	0.876067	16.230377	LT
ILT34	29.06508	23.22846	7.550165	14.92938	1.037893	15.967273	LT
ILT35	49.60621	43.65868	8.459617	7.612297	0.974961	8.587258	LT
ILT36	26.51577	21.91606	5.335958	0.430084	4.860314	5.290398	LT
ILT37	36.64798	26.81497	13.13506	2.442711	6.856412	9.299123	LT
ILT38	49.20676	40.81372	7.062436	15.32753	0.87001	16.19754	LT
ILT39	52.02477	41.86168	15.09346	1.848891	0.747115	2.596006	LT
ILT4	31.41565	27.34581	5.351087	9.04723	12.19696	21.24419	LT
ILT40	46.4367	35.66881	11.20004	16.69522	0.813154	17.508374	LT
ILT41	59.63936	52.60519	15.7685	0.831187	0.937661	1.768848	LT
ILT42	53.86094	45.6181	15.47385	19.39846	1.183172	20.581632	LT
ILT43	55.38752	30.06548	27.00875	0.793538	2.451783	3.245321	LT
ILT44	39.53366	26.50672	14.13525	6.872483	1.143329	8.015812	LT
ILT45	12.55157	8.650945	2.786158	45.76689	8.533957	54.300847	LT
ILT46	25.87458	19.61592	4.815298	4.114001	6.132268	10.246269	LT
ILT47	29.01237	23.35647	4.392809	22.45118	0.771652	23.222832	LT
ILT48	31.57578	24.30005	9.451689	0.736593	6.768387	7.50498	LT
ILT49	20.4784	9.697531	9.33642	9.037037	1.790123	10.82716	LT
ILT5	36.77932	31.49673	6.276626	6.986652	1.562056	8.548708	LT
ILT50	38.09387	28.46485	11.58844	38.05698	1.22976	39.28674	LT
ILT51	35.9697	24.74637	9.631045	9.949502	2.891133	12.840635	LT
ILT52	2.562806	1.905417	1.122618	0.113273	20.4357	20.548973	LT
ILT53	40.01602	30.0885	11.51899	33.28235	0.440657	33.723007	LT
ILT54	47.71226	29.11632	17.43596	6.246979	0.455131	6.70211	LT
ILT55	29.03715	19.27597	5.142785	32.84054	13.09073	45.93127	LT
ILT56	31.08359	25.07919	6.760652	26.44046	0.921777	27.362237	LT
ILT57	54.06806	43.52702	14.72838	4.423177	0.981709	5.404886	LT
ILT58	58.18627	53.61335	10.13335	1.767415	5.355479	7.122894	LT
ILT59	21.60101	6.503983	15.2656	16.79276	19.82099	36.61375	LT
ILT6	42.15221	36.05235	11.51398	1.398351	10.65346	12.051811	LT
ILT60	5.121209	3.067165	2.597967	1.073942	7.99722	9.071162	LT
ILT7	41.6665	24.14978	19.12376	8.927101	0.409795	9.336896	LT
ILT8	44.98056	39.43323	3.944828	0.491536	0.205643	0.697179	LT
ILT9	54.47165	45.55261	12.45092	0.553717	0.853739	1.407456	LT
AHT1	40.60784	36.54374	10.17326	1.789434	2.91138	4.700814	HT
AHT10	22.69398	19.65403	4.073928	2.738491	5.572773	8.311264	HT
AHT11	38.93633	27.919	13.70578	3.347158	4.849963	8.197121	HT
AHT12	32.65655	22.32911	11.24318	1.503099	3.570438	5.073537	HT
AHT13	29.94092	23.08511	6.738702	0.149039	3.83776	3.986799	HT
AHT14	42.6151	34.26331	7.034664	1.394959	4.783572	6.178531	HT
AHT15	38.27868	33.052	8.080065	0.255527	2.880483	3.13601	HT
AHT16	27.06303	20.95052	6.070732	1.285621	4.3674	5.653021	HT
AHT17	28.89452	25.60852	6.318458	2.505071	3.909736	6.414807	HT
AHT18	9.155799	4.548724	5.387361	0.278189	2.624472	2.902661	HT
AHT19	11.75017	8.78587	3.557166	3.76302	2.746099	6.509119	HT
AHT2	44.27364	36.26854	7.587307	0.200925	3.02982	3.230745	HT
AHT20	18.45993	11.52442	7.691639	0.504085	5.953416	6.457501	HT
AHT21	36.79151	30.96335	5.395554	1.05748	3.184458	4.241938	HT
AHT22	34.41264	24.48214	11.73009	16.09662	3.33081	19.42743	HT
AHT23	34.47176	22.76846	9.895218	3.226188	3.273458	6.499646	HT
AHT24	32.98492	25.27727	11.69712	0.191494	5.912391	6.103885	HT
AHT25	47.33908	44.62747	17.42975	1.968238	3.981528	5.949766	HT
AHT26	25.95586	21.95334	3.600813	39.58313	14.18707	53.7702	HT
AHT27	42.38688	35.86904	8.026095	0.436916	4.411061	4.847977	HT
AHT28	26.17224	21.65141	5.355253	5.311663	9.651909	14.963572	HT
AHT29	19.48769	16.5765	3.525818	0.706636	3.643591	4.350227	HT
AHT3	27.02496	22.57445	5.161395	6.511369	2.074746	8.586115	HT
AHT30	31.01807	24.43685	8.262021	0.698415	4.274915	4.97333	HT
AHT31	46.62158	43.48219	4.579374	0.408092	2.104588	2.51268	HT
AHT32	30.63475	20.54169	12.79635	7.065015	2.161607	9.226622	HT
AHT33	29.89509	23.01339	7.367102	5.539028	4.732639	10.271667	HT
AHT34	34.34086	21.28107	10.34038	2.350222	5.498859	7.849081	HT
AHT35	44.87612	32.40483	12.30514	4.144065	3.327958	7.472023	HT
AHT36	46.92692	39.00606	7.428169	3.58714	4.869159	8.456299	HT
AHT37	44.02468	34.67489	8.005062	4.25882	2.686284	6.945104	HT
AHT38	39.00696	30.39416	18.10399	4.140767	2.553318	6.694085	HT
AHT39	27.86189	19.1411	10.95275	14.50776	2.597682	17.105442	HT
AHT4	33.73932	18.2992	15.6951	7.096162	2.465753	9.561915	HT
AHT40	44.54451	34.42257	9.152254	5.302728	2.901092	8.20382	HT
AHT41	22.56324	12.39568	10.5635	0.489099	2.767678	3.256777	HT
AHT42	43.03849	35.03843	8.419691	1.919172	3.194609	5.113781	HT
AHT43	46.52368	19.64196	26.14753	1.647589	2.250742	3.898331	HT
AHT44	29.32187	20.00714	9.669354	5.651087	4.270844	9.921931	HT
AHT45	25.052	20.53522	3.913616	1.053799	2.485441	3.53924	HT
AHT46	26.87697	22.66365	4.277921	0.710594	2.716767	3.427361	HT
AHT47	26.63493	16.75533	10.73557	4.547818	12.13151	16.679328	HT
AHT48	40.36689	34.67114	7.454139	0.948546	3.834452	4.782998	HT
AHT49	21.61606	18.8834	8.351584	2.023339	3.262184	5.285523	HT
AHT5	30.84977	23.60299	12.62479	0.940467	3.265766	4.206233	HT
AHT50	22.34571	19.61982	3.403878	10.28007	4.089469	14.369539	HT
AHT51	37.14378	28.30871	14.49423	29.02721	9.684346	38.711556	HT
AHT52	48.84406	38.3197	11.47577	1.88422	3.449238	5.333458	HT
AHT53	37.38443	29.2284	7.987078	1.57625	3.33816	4.91441	HT
AHT54	35.33811	21.80882	6.302711	18.05469	1.844369	19.899059	HT
AHT55	35.87089	16.70391	16.1993	8.918321	13.96325	22.881571	HT
AHT56	32.74761	23.06641	8.314506	12.03804	2.794745	14.832785	HT
AHT57	10.32856	8.243577	2.729743	0.459486	11.57115	12.030636	HT
AHT58	35.13819	18.81712	15.68577	1.157728	2.531523	3.689251	HT
AHT59	39.97541	26.37393	14.21035	4.002301	1.489459	5.49176	HT
AHT6	21.09031	9.0612	10.59121	8.434343	4.059715	12.494058	HT
AHT60	23.07025	17.50639	5.313148	15.1391	3.394243	18.533343	HT
AHT61	51.41895	47.85654	4.70178	8.883478	2.588384	11.471862	HT
AHT62	12.63461	6.350407	6.361217	3.935901	2.775263	6.711164	HT
AHT63	17.04496	14.97673	3.157541	0.724603	2.975191	3.699794	HT
AHT64	35.44432	26.37186	6.278008	0.879344	3.276401	4.155745	HT
AHT65	44.11776	36.45594	10.11323	7.20702	1.388941	8.595961	HT
AHT66	32.00333	25.01421	8.801333	9.670685	5.307263	14.977948	HT
AHT67	30.32174	25.0109	6.206596	35.23333	4.827725	40.061055	HT
AHT68	48.75254	35.78414	11.18678	5.845141	2.714392	8.559533	HT
AHT69	34.17359	21.13404	10.80198	3.737591	6.152553	9.890144	HT
AHT7	21.34774	12.42996	10.51456	1.182934	2.970152	4.153086	HT
AHT70	43.83586	36.56905	13.58279	2.588576	2.516269	5.104845	HT
AHT71	16.29768	11.86982	5.489971	0.484409	3.487746	3.972155	HT
AHT72	26.0631	19.21522	5.797415	1.129882	3.212764	4.342646	HT
AHT73	22.00487	16.52705	5.044927	4.062149	1.705822	5.767971	HT
AHT74	35.85309	31.34369	10.09426	0.703816	5.196612	5.900428	HT
AHT75	58.3039	39.20425	16.79674	3.357157	3.055943	6.4131	HT
AHT76	30.84401	24.95876	10.1316	7.590805	2.758379	10.349184	HT
AHT77	38.7404	32.17629	10.72387	14.89997	1.678377	16.578347	HT
AHT78	40.20558	29.10442	15.61239	7.707354	1.945566	9.65292	HT
AHT79	11.19779	6.447656	4.94147	1.655333	5.041555	6.696888	HT
AHT8	33.77602	30.66054	8.038344	2.216786	3.969245	6.186031	HT
AHT80	36.07044	28.56565	10.6383	3.230591	3.564976	6.795567	HT
AHT81	49.47421	42.60665	6.168155	1.438492	2.440476	3.878968	HT
AHT82	33.46696	20.51037	12.95061	9.656864	7.218715	16.875579	HT
AHT83	28.83325	23.71499	5.97526	1.868382	3.21425	5.082632	HT
AHT84	39.69226	29.05653	7.379896	2.739726	3.665831	6.405557	HT
AHT85	42.7803	32.03924	14.87974	2.533374	2.798138	5.331512	HT
AHT86	13.93012	8.775274	6.676771	1.409419	2.553205	3.962624	HT
AHT87	23.59712	17.50782	5.407401	0.868659	3.387769	4.256428	HT
AHT88	31.83643	23.00338	8.89143	1.902352	3.220863	5.123215	HT
AHT89	42.73712	36.0253	15.16468	3.117912	2.408715	5.526627	HT
AHT9	16.49109	7.976458	8.887922	1.701553	6.545138	8.246691	HT
AHT90	37.34593	31.10107	6.829179	1.191454	3.277641	4.469095	HT
AHT91	36.60566	25.4902	9.459695	5.010893	3.189542	8.200435	HT
CHT1	63.65092	52.40648	9.261651	11.2044	0.275137	11.479537	HT
CHT10	34.42566	19.41589	15.78245	7.22778	0.347246	7.575026	HT
CHT11	36.94761	34.26007	3.892303	2.429031	19.65174	22.080771	HT
CHT12	37.63039	32.37175	6.709594	1.498176	0.579524	2.0777	HT
CHT13	19.35014	17.21707	2.870283	4.890111	3.152227	8.042338	HT
CHT14	18.21418	16.8496	4.815584	1.987541	1.374469	3.36201	HT
CHT15	13.85606	11.78767	5.265935	5.128746	12.98016	18.108906	HT
CHT16	30.16043	21.29232	9.537645	4.036129	1.402223	5.438352	HT
CHT17	38.168	31.37065	6.432138	12.15622	12.91645	25.07267	HT
CHT18	41.22287	38.52337	4.724126	25.60776	0.847343	26.455103	HT
CHT19	32.78405	23.17044	12.1054	10.8475	7.879899	18.727399	HT
CHT2	27.53786	16.86202	8.473329	10.07231	2.833643	12.905953	HT
CHT20	73.46283	39.35271	34.95899	0.693076	0.327462	1.020538	HT
CHT3	51.46281	41.24535	6.305261	4.4823	0.583757	5.066057	HT
CHT4	26.41381	18.97263	5.460218	1.2383	6.935777	8.174077	HT
CHT5	7.637416	4.320154	3.91514	15.40984	1.812922	17.222762	HT
CHT6	31.81732	23.51323	7.796642	27.78621	1.114484	28.900694	HT
CHT7	33.89938	29.70972	9.37699	7.182658	1.281575	8.464233	HT
CHT8	54.03986	37.7708	18.26137	12.57829	4.294083	16.872373	HT
CHT9	47.67513	36.69678	13.09528	6.698483	4.978694	11.677177	HT
DHT1	52.98654	44.80902	12.10986	2.026191	2.360858	4.387049	HT
DHT10	28.96746	24.50529	4.840522	0.834652	3.457843	4.292495	HT
DHT11	30.14577	22.08034	8.653031	2.579242	1.141307	3.720549	HT
DHT12	43.32394	35.64537	7.206098	1.31814	2.703776	4.021916	HT
DHT13	33.44556	28.45967	6.19894	2.445908	3.468337	5.914245	HT
DHT14	32.97452	17.2353	9.74072	5.520079	2.035314	7.555393	HT
DHT15	32.92868	26.06712	8.287887	19.3183	1.969061	21.287361	HT
DHT16	42.50768	33.7028	6.203088	2.142885	1.505075	3.64796	HT
DHT17	25.9723	19.99285	6.761384	5.810804	9.117392	14.928196	HT
DHT18	54.17398	38.70881	19.83611	10.87593	1.368389	12.244319	HT
DHT19	5.565533	3.599093	1.890249	21.55283	17.8449	39.39773	HT
DHT2	31.63507	24.61986	10.05087	6.531023	2.265865	8.796888	HT
DHT20	27.07897	20.69576	7.993772	3.215762	3.205025	6.420787	HT
DHT21	21.37099	18.91286	2.93216	21.84786	3.008799	24.856659	HT
DHT22	28.0381	19.69555	11.7527	1.335148	3.15503	4.490178	HT
DHT23	11.41166	6.920721	5.711022	0.700898	1.889829	2.590727	HT
DHT24	47.17828	33.27179	18.36236	2.065765	2.415049	4.480814	HT
DHT25	25.99358	17.43919	9.802662	1.945847	3.340982	5.286829	HT
DHT26	31.1994	23.94139	10.91567	9.858852	1.483127	11.341979	HT
DHT27	49.41652	40.12956	14.8467	7.434441	4.545858	11.980299	HT
DHT28	36.17032	21.96295	20.27424	2.77604	1.890787	4.666827	HT
DHT29	31.5496	21.33004	13.00724	0.913898	3.017588	3.931486	HT
DHT3	31.54748	24.17599	9.553486	3.639636	1.726856	5.366492	HT
DHT30	26.2915	15.53817	12.13763	1.324105	6.460026	7.784131	HT
DHT31	44.95669	36.66481	9.520542	1.756154	1.537439	3.293593	HT
DHT32	34.03315	20.01507	11.7645	16.6484	1.568601	18.217001	HT
DHT33	27.20872	20.39907	7.48389	2.736795	13.71881	16.455605	HT
DHT34	42.04089	34.9219	7.760068	6.660165	5.221339	11.881504	HT
DHT35	36.75435	29.9499	6.029608	13.33183	1.150184	14.482014	HT
DHT36	42.85714	31.98687	8.927042	12.7034	0.829901	13.533301	HT
DHT37	48.13292	25.72487	20.64219	4.011336	1.174126	5.185462	HT
DHT38	49.74495	43.8954	6.80778	10.35231	4.428871	14.781181	HT
DHT39	48.7719	41.28499	14.5187	16.98855	1.524691	18.513241	HT
DHT4	17.96728	12.80648	4.247282	2.490628	3.149912	5.64054	HT
DHT40	31.35087	24.6982	7.515418	9.480383	9.408214	18.888597	HT
DHT41	11.17593	7.523183	4.797771	7.697331	3.269624	10.966955	HT
DHT42	52.97249	43.85934	9.029282	10.87544	0.52764	11.40308	HT
DHT43	41.06427	35.42305	5.654481	12.20077	0.592571	12.793341	HT
DHT44	40.31245	21.63301	17.77707	4.865638	1.502624	6.368262	HT
DHT45	36.40447	24.80287	12.26409	2.637022	1.244183	3.881205	HT
DHT46	32.58879	18.18237	12.12427	1.991065	0.832811	2.823876	HT
DHT47	42.13813	30.12428	12.49614	1.026402	2.720584	3.746986	HT
DHT48	36.86673	25.53916	8.883832	7.11855	1.601514	8.720064	HT
DHT49	16.0729	10.32578	7.684003	1.276434	2.324252	3.600686	HT
DHT5	33.09302	28.36364	7.845666	21.28964	1.773784	23.063424	HT
DHT50	28.32972	14.99434	10.98076	0.755789	12.26477	13.020559	HT
DHT51	40.2783	29.32918	14.9595	21.0758	1.327103	22.402903	HT
DHT52	9.612637	6.068424	4.246706	0.813621	1.444674	2.258295	HT
DHT53	35.32066	23.52884	12.44924	2.719948	10.45762	13.177568	HT
DHT54	27.33857	19.24742	13.08188	3.771752	3.453759	7.225511	HT
DHT55	49.30916	35.38316	12.29069	8.807638	2.144684	10.952322	HT
DHT56	38.46826	27.21961	8.962776	5.926997	1.433562	7.360559	HT
DHT57	32.29735	27.14808	6.17868	12.84798	1.598879	14.446859	HT
DHT58	33.06596	24.13496	10.88785	2.308117	7.088543	9.39666	HT
DHT59	39.35811	25.93629	16.29344	2.355212	3.663127	6.018339	HT
DHT6	43.67094	32.06293	9.645637	3.507136	3.332793	6.839929	HT
DHT60	22.33617	15.05253	12.53127	5.497749	2.021011	7.51876	HT
DHT61	47.92464	33.4445	17.02968	12.00013	0.875668	12.875798	HT
DHT62	40.73645	30.71252	13.54794	4.230354	3.624363	7.854717	HT
DHT63	46.31806	33.8662	13.85956	14.95684	2.187915	17.144755	HT
DHT64	20.2432	14.98286	9.106492	0.728519	2.142704	2.871223	HT
DHT65	49.70818	37.39057	13.76887	9.934419	5.682638	15.617057	HT
DHT7	32.42658	27.55468	4.245146	1.09844	10.94886	12.0473	HT
DHT8	45.06887	36.39855	14.66096	8.712255	1.033021	9.745276	HT
DHT9	39.73289	35.92283	11.97551	0.964571	0.970135	1.934706	HT
HHT1	47.39085	33.98903	8.977352	29.02171	0.799673	29.821383	HT
HHT10	23.50309	11.77437	13.35631	0.767001	0.801242	1.568243	HT
HHT11	54.72019	42.86834	17.1668	0.443363	0.389294	0.832657	HT
HHT12	52.97299	39.286	10.24121	1.803029	0.813366	2.616395	HT
HHT13	20.4911	11.03644	8.811387	31.53953	3.048341	34.587871	HT
HHT14	31.89655	19.34421	13.22968	26.81342	4.806034	31.619454	HT
HHT15	58.11444	36.36617	28.73726	2.755041	0.956172	3.711213	HT
HHT16	26.0788	19.20959	8.22217	0.353667	1.260385	1.614052	HT
HHT17	35.34047	21.95276	14.66151	9.181215	0.556916	9.738131	HT
HHT18	68.45907	59.96441	15.85943	3.725979	0.512456	4.238435	HT
HHT19	45.62613	35.83368	14.74904	13.29572	1.47885	14.77457	HT
HHT2	21.18379	15.53449	2.892059	46.05114	1.022006	47.073146	HT
HHT20	27.17604	23.34977	4.200582	29.02977	1.075397	30.105167	HT
HHT21	32.10676	24.20696	13.52221	2.124262	0.369722	2.493984	HT
HHT22	45.11026	36.20765	6.741049	1.742069	1.054563	2.796632	HT
HHT23	9.526362	6.31581	2.881265	0.088065	22.77827	22.866335	HT
HHT24	79.98319	49.29361	30.56797	8.210236	0.101935	8.312171	HT
HHT25	42.83894	14.73385	27.20322	22.8409	1.129791	23.970691	HT
HHT26	49.95006	39.60613	13.85053	1.122546	0.577558	1.700104	HT
HHT27	33.72199	25.58046	12.0634	0.189279	0.734403	0.923682	HT
HHT28	52.61052	37.43437	17.79302	12.49365	0.49331	12.98696	HT
HHT29	44.54921	34.86985	4.433024	45.50553	0.281533	45.787063	HT
HHT3	14.5996	13.48889	2.663277	17.76527	14.9537	32.71897	HT
HHT30	50.70284	43.6277	15.08896	11.35992	1.158175	12.518095	HT
HHT31	45.14408	41.6851	12.70897	4.450985	1.437585	5.88857	HT
HHT32	43.79466	31.11273	13.95721	4.690188	1.089047	5.779235	HT
HHT33	50.22397	33.80897	18.58247	10.96019	1.109024	12.069214	HT
HHT34	46.05658	39.97914	9.123614	6.058284	0.913213	6.971497	HT
HHT4	19.85277	17.50249	2.181581	6.471896	10.84656	17.318456	HT
HHT5	29.17874	21.90035	5.811848	47.59922	0.26434	47.86356	HT
HHT6	44.12517	34.42886	7.991367	9.733313	1.159242	10.892555	HT
HHT7	27.71389	22.52772	4.4089	11.80514	7.042254	18.847394	HT
HHT8	12.64173	4.89908	8.24577	0.501633	0.215197	0.71683	HT
HHT9	59.49003	55.50729	4.116389	0.68161	0.486864	1.168474	HT
IHT1	29.19825	25.25324	5.202591	4.429093	3.118109	7.547202	HT
IHT10	45.11141	28.4208	19.85388	31.8249	0.445245	32.270145	HT
IHT11	30.02325	25.80422	8.827595	13.94509	0.958155	14.903245	HT
IHT12	51.76801	33.70529	19.86552	12.94708	1.127471	14.074551	HT
IHT13	33.49914	18.61152	15.5925	10.67961	10.68493	21.36454	HT
IHT14	52.29255	49.92535	4.279996	2.066429	1.376177	3.442606	HT
IHT15	60.18649	52.41722	7.224869	1.071423	1.009165	2.080588	HT
IHT16	28.83494	17.74096	9.710534	4.173826	0.964885	5.138711	HT
IHT17	19.43094	16.4828	5.120294	0.190102	0.57654	0.766642	HT
IHT18	25.37263	16.9854	8.772788	1.919397	8.690368	10.609765	HT
IHT19	34.54088	22.6747	8.037103	4.162778	0.896468	5.059246	HT
IHT2	32.60777	25.01345	7.033882	9.940842	1.336013	11.276855	HT
IHT20	13.26255	10.7451	4.065056	1.268102	15.14782	16.415922	HT
IHT21	30.73988	18.01142	14.36916	21.45379	6.209761	27.663551	HT
IHT22	12.37701	10.37866	6.857275	2.191082	9.167186	11.358268	HT
IHT23	71.83953	67.60169	7.157089	6.559359	0.181334	6.740693	HT
IHT24	36.68918	31.10052	11.40776	0.9853	0.738975	1.724275	HT
IHT25	57.65243	40.33269	10.98811	3.364962	0.348503	3.713465	HT
IHT26	20.57436	17.45879	6.841717	49.2295	0.384693	49.614193	HT
IHT27	19.03011	14.82131	3.378736	34.77062	1.228378	35.998998	HT
IHT28	46.80176	42.93933	12.42491	1.68373	0.727642	2.411372	HT
IHT29	19.05783	14.42428	5.570692	8.838135	0.774834	9.612969	HT
IHT3	59.69241	49.53664	12.83524	8.431221	1.616526	10.047747	HT
IHT30	13.26612	11.85237	6.430282	6.772318	3.02132	9.793638	HT
IHT4	25.48823	21.78885	4.663606	3.503816	3.941114	7.44493	HT
IHT5	48.93161	39.06023	7.776087	5.093009	0.954291	6.0473	HT
IHT6	42.67339	36.33705	13.71882	3.388098	2.544045	5.932143	HT
IHT7	27.9304	20.32967	7.326007	25.47619	3.315018	28.791208	HT
IHT8	35.04776	16.11689	12.67705	15.81573	0.870547	16.686277	HT
IHT9	22.56788	18.78019	3.410795	1.149425	11.30685	12.456275	HT
