#OTU ID	acetylcoa	but	buk	butyrate	succinate	pdiol	"propionate
"
ALH1	37.9114	32.96527	14.5737	85.45037	5.143972	10.566	15.709972
ALH10	27.54096	25.17297	4.456268	57.170198	8.687514	3.798027	12.485541
ALH11	37.2093	30.95193	7.464975	75.626205	17.72018	2.693523	20.413703
ALH12	24.9684	19.05259	9.056438	53.077428	27.76831	10.74353	38.51184
ALH13	23.43402	17.16561	9.032635	49.632265	7.831583	4.99314	12.824723
ALH14	20.44323	13.61235	4.7896	38.84518	23.82256	3.269092	27.091652
ALH15	38.58972	30.99258	11.22835	80.81065	4.04599	5.632368	9.678358
ALH16	53.47248	42.49169	11.8997	107.86387	5.656631	3.444773	9.101404
ALH17	12.21712	10.16243	2.807904	25.187454	39.43022	2.529505	41.959725
ALH18	22.44169	17.00572	5.963476	45.410886	30.87713	2.136065	33.013195
ALH19	25.75171	15.88478	10.26278	51.89927	30.74202	3.457424	34.199444
ALH2	23.0437	19.23814	4.645231	46.927071	21.33269	1.753831	23.086521
ALH20	25.36806	16.95721	11.11417	53.43944	14.67879	3.702428	18.381218
ALH21	41.95311	22.15996	24.5909	88.70397	10.06384	2.157732	12.221572
ALH22	13.57292	10.10367	3.997741	27.674331	0.703695	1.287212	1.990907
ALH23	25.34981	21.86229	6.383653	53.595753	23.52553	4.955383	28.480913
ALH24	49.58441	43.40169	6.915111	99.901211	7.821229	3.610846	11.432075
ALH25	61.78266	14.24662	47.1788	123.20808	2.006638	2.434822	4.44146
ALH26	23.39999	9.468334	13.26012	46.128444	1.728936	4.511557	6.240493
ALH27	9.300609	7.09725	2.037276	18.435135	4.665067	6.626684	11.291751
ALH28	22.54243	15.82335	9.872611	48.238391	3.166897	1.768295	4.935192
ALH29	38.89469	30.46377	9.5109	78.86936	4.608786	2.573276	7.182062
ALH3	30.47754	21.82723	12.07785	64.38262	19.3062	2.713592	22.019792
ALH30	21.29958	15.56657	7.117564	43.983714	8.512748	4.497167	13.009915
ALH31	41.28063	26.78805	14.50795	82.57663	2.235538	3.046017	5.281555
ALH32	37.32773	29.11804	15.57943	82.0252	10.37503	2.709833	13.084863
ALH33	25.07761	17.75696	7.924592	50.759162	6.304679	4.814585	11.119264
ALH34	22.50208	11.19849	10.86145	44.56202	22.63618	14.26449	36.90067
ALH35	34.97218	16.59902	20.5761	72.1473	11.018	5.13257	16.15057
ALH36	74.78468	68.93106	6.200365	149.916105	0.503337	2.904441	3.407778
ALH37	23.91495	16.64895	9.013173	49.577073	0.383638	14.36561	14.749248
ALH38	14.78604	13.09324	2.218706	30.097986	4.264774	4.224812	8.489586
ALH39	35.98338	21.76524	18.78342	76.53204	14.29218	3.302624	17.594804
ALH4	25.53917	15.95272	10.4758	51.96769	14.67798	5.180464	19.858444
ALH40	39.12687	36.22476	6.114019	81.465649	8.378734	3.404195	11.782929
ALH41	35.05035	26.19465	21.0909	82.3359	3.02678	3.980531	7.007311
ALH42	49.69421	32.09498	17.44814	99.23733	5.995923	2.607027	8.60295
ALH43	21.79201	13.28428	15.83941	50.9157	7.11859	4.292061	11.410651
ALH44	43.88312	29.08005	17.13593	90.0991	1.729947	2.234351	3.964298
ALH45	29.44544	15.65001	14.55177	59.64722	27.4199	2.349315	29.769215
ALH46	47.6623	14.6413	32.46549	94.76909	17.73598	2.138617	19.874597
ALH47	39.03618	24.76243	16.38373	80.18234	17.53374	2.522308	20.056048
ALH48	34.56661	16.14146	17.08045	67.78852	22.90067	6.330535	29.231205
ALH49	36.97611	27.17653	10.82251	74.97515	11.67869	14.20555	25.88424
ALH5	18.63803	15.24704	7.959829	41.844899	30.78544	2.454901	33.240341
ALH50	52.59836	43.19216	9.989724	105.780244	2.198326	3.926894	6.12522
ALH51	29.46953	13.99644	18.8333	62.29927	4.619996	4.332464	8.95246
ALH52	11.02832	5.692996	5.802285	22.523601	5.146547	7.431694	12.578241
ALH53	28.09648	15.42552	13.29039	56.81239	6.112101	4.571742	10.683843
ALH54	15.02486	8.336402	6.4652	29.826462	8.083226	15.73145	23.814676
ALH55	17.33763	12.09278	7.896907	37.327317	25.89691	2.335052	28.231962
ALH56	29.29066	21.06324	10.98367	61.33757	18.05125	2.681339	20.732589
ALH57	36.15114	30.65228	6.212508	73.015928	12.72495	3.278632	16.003582
ALH58	28.13506	19.01864	10.93321	58.08691	24.95643	3.840359	28.796789
ALH59	54.07818	44.05307	7.825637	105.956887	1.836873	3.645854	5.482727
ALH6	36.35471	28.17768	9.925038	74.457428	11.25405	2.694033	13.948083
ALH60	4.876224	2.605347	1.9034	9.384971	39.10001	12.67906	51.77907
ALH61	36.49756	27.1125	10.25107	73.86113	1.043687	0.924901	1.968588
ALH62	26.59546	20.27519	7.396402	54.267052	10.6944	15.99475	26.68915
ALH63	53.91315	37.07269	21.20155	112.18739	12.09897	2.070438	14.169408
ALH64	32.64629	27.22792	10.00625	69.88046	5.319599	1.542059	6.861658
ALH65	29.45452	24.36228	6.351541	60.168341	6.996849	7.968608	14.965457
ALH66	38.04371	31.10273	15.74713	84.89357	8.037303	10.5147	18.552003
ALH67	35.02686	21.16022	15.19237	71.37945	6.717171	5.749635	12.466806
ALH68	49.64976	42.299	20.456	112.40476	20.32763	5.162839	25.490469
ALH69	33.28304	23.28652	9.996518	66.566078	46.1726	2.187917	48.360517
ALH7	33.84028	17.9224	9.947334	61.710014	6.362855	4.33147	10.694325
ALH70	25.75857	10.49055	5.172414	41.421534	3.982132	10.60767	14.589802
ALH71	18.79109	12.98515	5.243902	37.020142	40.89077	5.206787	46.097557
ALH72	9.179123	5.349259	3.652825	18.181207	30.99747	15.26567	46.26314
ALH73	43.17621	29.87465	22.57329	95.62415	1.419248	2.117476	3.536724
ALH74	38.58396	15.83263	23.70409	78.12068	10.51262	1.66867	12.18129
ALH75	54.17746	26.11137	24.06185	104.35068	1.940119	2.545494	4.485613
ALH76	29.37257	23.96222	6.530493	59.865283	2.723479	13.05366	15.777139
ALH77	64.44458	51.3172	29.61168	145.37346	2.628449	2.408421	5.03687
ALH78	32.19371	18.55206	16.27774	67.02351	10.35395	1.607887	11.961837
ALH79	33.29536	30.075	3.592519	66.962879	4.686224	3.003893	7.690117
ALH8	41.35019	20.23042	25.37112	86.95173	2.659061	2.661307	5.320368
ALH80	31.66691	18.86004	13.3016	63.82855	17.49849	2.120274	19.618764
ALH81	28.3075	18.15792	12.77402	59.23944	7.780949	7.973992	15.754941
ALH82	24.49699	14.73361	9.638752	48.869352	0.678878	2.776184	3.455062
ALH83	33.91079	27.81511	4.792358	66.518258	3.675221	8.208532	11.883753
ALH84	49.00557	24.29688	26.37465	99.6771	1.984183	3.509757	5.49394
ALH85	33.82519	27.3528	8.767056	69.945046	5.68418	3.033484	8.717664
ALH86	49.97509	22.41594	27.74595	100.13698	7.353674	3.122665	10.476339
ALH87	32.22296	21.84149	13.05081	67.11526	9.34746	2.669339	12.016799
ALH88	49.32748	41.02401	10.36862	100.72011	11.03004	1.429115	12.459155
ALH89	35.34408	12.90778	22.67039	70.92225	5.690105	2.836049	8.526154
ALH9	40.76455	37.1978	6.653478	84.615828	11.01155	3.130364	14.141914
ALH90	40.1002	18.94411	21.47664	80.52095	36.018	1.645191	37.663191
ALH91	8.878823	8.038778	1.154339	18.07194	0.362825	2.247438	2.610263
ALH92	59.12373	31.40329	29.56088	120.0879	0.427736	2.191657	2.619393
ALH93	32.2873	26.37175	6.695394	65.354444	14.88256	2.601813	17.484373
ALH94	48.46445	42.91781	5.91434	97.2966	14.92568	6.670465	21.596145
ALH95	46.05689	37.39102	15.06252	98.51043	5.218453	2.244308	7.462761
ALH96	42.94194	31.9107	11.66793	86.52057	9.776336	3.07667	12.853006
GLH10	9.134259	7.703719	1.557698	18.395676	16.24104	1.59302	17.83406
GLH12	18.31188	11.8104	6.034662	36.156942	4.076657	11.77071	15.847367
GLH13	43.00798	19.17394	23.56167	85.74359	9.297814	1.984927	11.282741
GLH15	21.18065	18.28876	5.62142	45.09083	21.56052	9.015715	30.576235
GLH16	2.604854	1.802579	1.152635	5.560068	14.23784	0.13202	14.36986
GLH17	38.06511	24.00635	18.93918	81.01064	11.83734	0.850103	12.687443
GLH18	26.43768	20.91518	7.224904	54.577764	8.261309	1.784712	10.046021
GLH21	56.33905	34.10924	23.4338	113.88209	4.56315	0.477586	5.040736
GLH22	18.08448	12.6229	7.006616	37.713996	35.04936	0.96285	36.01221
GLH23	41.34852	32.75167	10.1984	84.29859	20.10654	0.31758	20.42412
GLH24	37.18819	29.67107	7.948154	74.807414	15.40108	0.602225	16.003305
GLH25	38.46834	30.35567	10.83676	79.66077	23.12294	3.090049	26.212989
GLH26	36.13985	24.2336	16.89446	77.26791	15.66967	1.126137	16.795807
GLH27	7.683773	3.800637	4.389508	15.873918	2.241693	21.21074	23.452433
GLH28	12.86626	11.49439	8.538519	32.899169	0.089211	3.715158	3.804369
GLH29	47.58818	40.69113	8.562045	96.841355	7.122662	0.511209	7.633871
GLH30	40.80307	7.697521	31.4226	79.923191	7.313492	28.14706	35.460552
GLH31	21.47469	16.96603	5.343095	43.783815	11.98672	1.411941	13.398661
GLH32	10.0617	5.424702	3.651391	19.137793	9.289511	16.19262	25.482131
GLH33	44.17128	28.8582	14.54464	87.57412	13.27227	8.987388	22.259658
GLH34	3.401243	2.777434	1.049583	7.22826	3.304701	19.97178	23.276481
GLH35	7.835848	2.190861	5.695517	15.722226	10.22522	20.8186	31.04382
GLH36	21.55868	7.715607	13.72027	42.994557	19.61442	3.696124	23.310544
GLH37	7.841833	3.69674	3.014087	14.55266	10.56955	18.84527	29.41482
GLH38	9.649403	6.37	3.35202	19.371423	42.19653	2.498039	44.694569
GLH39	54.1487	21.0801	34.28334	109.51214	9.943272	2.890855	12.834127
GLH40	30.5696	26.28918	4.191201	61.049981	17.49043	2.519875	20.010305
GLH41	58.5766	38.53453	25.75903	122.87016	3.744303	0.40201	4.146313
GLH43	39.98037	27.29949	18.64875	85.92861	2.912411	1.330628	4.243039
GLH44	8.072776	5.938005	1.595687	15.606468	13.67655	16.6496	30.32615
GLH45	20.35317	13.42655	8.764962	42.544682	15.76405	15.87945	31.6435
GLH46	7.80476	7.271279	0.481519	15.557558	37.72474	12.02757	49.75231
GLH47	29.13239	22.64398	8.255423	60.031793	12.13538	10.74233	22.87771
GLH48	43.1091	39.41587	4.318824	86.843794	23.85152	0.218579	24.070099
GLH49	6.400587	2.495006	2.246321	11.141914	3.962656	24.72991	28.692566
GLH50	22.86525	17.11063	5.356852	45.332732	3.172378	1.537283	4.709661
GLH51	0.478147	0.289877	0.201718	0.969742	10.53269	1.988793	12.521483
GLH52	43.58527	2.390736	6.217574	52.19358	4.146433	2.826547	6.97298
GLH53	5.46698	1.215369	4.269036	10.951385	0.165534	6.802143	6.967677
GLH55	6.567996	3.395886	3.690327	13.654209	9.936401	16.31203	26.248431
GLH56	15.51827	2.378929	12.93968	30.836879	0.581988	5.48853	6.070518
GLH57	3.187853	1.472328	0.847903	5.508084	15.94584	19.50835	35.45419
GLH58	26.9465	15.55546	11.95459	54.45655	53.28803	0.294203	53.582233
GLH59	25.20586	19.6912	6.46912	51.36618	3.053649	4.4136	7.467249
GLH61	21.87147	21.32492	1.375801	44.572191	5.723081	3.181932	8.905013
GLH62	30.43428	20.68838	12.03511	63.15777	13.79071	8.309078	22.099788
GLH63	40.07005	39.66513	2.374851	82.110031	11.85888	0.292158	12.151038
GLH64	54.49942	45.02156	12.76261	112.28359	6.973243	1.895572	8.868815
GLH65	34.70694	22.25828	12.95015	69.91537	2.616352	8.92691	11.543262
GLH66	35.57812	33.73222	1.632666	70.943006	6.673881	3.653607	10.327488
GLH68	34.27882	28.80852	7.586861	70.674201	1.896715	4.577981	6.474696
GLH69	49.6653	34.46817	21.82546	105.95893	13.1848	1.069815	14.254615
GLH7	23.62001	17.24441	7.030753	47.895173	26.28954	3.055786	29.345326
GLH71	52.24212	51.03203	10.72618	114.00033	15.78356	2.30403	18.08759
GLH73	1.353028	0.82965	0.480732	2.66341	35.20586	15.7052	50.91106
GLH74	44.99242	40.1846	6.598705	91.775725	1.253616	6.006337	7.259953
GLH76	40.41189	29.61944	18.84816	88.87949	0.499513	6.35821	6.857723
GLH77	15.83375	11.15177	9.459051	36.444571	6.318519	1.372902	7.691421
GLH79	40.90817	29.95872	14.48399	85.35088	11.66913	1.252434	12.921564
GLH8	5.881654	1.692634	4.238513	11.812801	15.21391	1.722329	16.936239
GLH80	7.396014	5.43234	3.978926	16.80728	25.66408	1.843938	27.508018
GLH81	33.79002	26.51953	12.2382	72.54775	8.380881	0.867812	9.248693
GLH82	65.88138	59.89056	5.645928	131.417868	10.73106	0.509193	11.240253
GLH84	37.82965	17.31319	22.93027	78.07311	14.29924	0.414608	14.713848
GLH85	54.83415	34.48357	26.63889	115.95661	7.624587	2.177331	9.801918
GLH87	41.63341	36.49188	6.153132	84.278422	6.593968	3.271462	9.86543
GLH88	50.80686	45.87524	10.55431	107.23641	9.490556	1.000434	10.49099
GLH89	24.68693	22.07327	4.174244	50.934444	15.09829	0.176669	15.274959
GLH90	45.14886	40.86388	6.590948	92.603688	11.39907	0.92583	12.3249
GLH91	34.308	24.13825	9.038079	67.484329	21.29989	0.896161	22.196051
GLH92	32.24469	20.98669	11.79944	65.03082	4.343068	1.224008	5.567076
GLH94	46.41386	19.25277	30.39322	96.05985	25.35301	0.441351	25.794361
GLH95	41.95635	31.02638	13.69796	86.68069	3.777719	0.447016	4.224735
HLH1	20.45682	7.723055	12.70164	40.881515	6.163455	17.49465	23.658105
HLH10	10.52355	9.309108	1.173799	21.006457	0.234282	2.338035	2.572317
HLH11	29.62246	25.15029	5.553739	60.326489	9.854868	0.769676	10.624544
HLH12	33.05135	27.47361	12.15954	72.6845	1.739337	9.246156	10.985493
HLH13	7.88348	7.076154	3.907097	18.866731	2.168936	16.89059	19.059526
HLH14	54.56366	38.93493	19.5667	113.06529	4.149286	0.861831	5.011117
HLH15	22.78796	8.915561	13.94399	45.647511	6.46873	11.51821	17.98694
HLH16	9.489431	8.32852	0.883678	18.701629	0.762389	1.091602	1.853991
HLH17	0.373255	0.205136	0.080204	0.658595	0.035475	7.92319	7.958665
HLH18	3.647019	2.107988	0.489304	6.244311	0.981452	14.93514	15.916592
HLH19	14.63296	13.64571	8.11488	36.39355	7.467933	2.213829	9.681762
HLH2	14.13569	8.699832	6.947047	29.782569	6.838576	15.45706	22.295636
HLH20	14.2586	10.60599	3.40725	28.27184	0.587936	1.161983	1.749919
HLH21	27.80021	16.79654	10.67505	55.2718	7.567365	19.44418	27.011545
HLH22	13.36436	12.20351	6.637227	32.205097	6.243224	4.014068	10.257292
HLH23	8.36357	7.006187	5.215485	20.585242	2.304941	3.933801	6.238742
HLH24	2.75	2.245327	0.221963	5.21729	6.049065	15.42056	21.469625
HLH25	17.61539	11.74539	6.867777	36.228557	61.88895	0.262006	62.150956
HLH26	9.012421	7.622681	5.255389	21.890491	14.1202	4.311257	18.431457
HLH27	3.120696	2.035236	0.842876	5.998808	3.871061	15.19232	19.063381
HLH28	39.7758	36.65032	5.926664	82.352784	8.293754	2.060671	10.354425
HLH29	2.131103	2.072256	0.07566	4.279019	0.147118	0.031525	0.178643
HLH3	33.30957	18.65344	19.72732	71.69033	0.762732	2.636071	3.398803
HLH30	0.2668	0.236785	0.010005	0.51359	1.243955	3.998666	5.242621
HLH31	24.96431	22.98033	4.186453	52.131093	8.623452	2.601602	11.225054
HLH32	2.132265	1.436861	0.665469	4.234595	4.02275	4.457953	8.480703
HLH33	48.4059	32.90889	18.88279	100.19758	2.658861	2.134407	4.793268
HLH34	14.1381	7.117335	5.475616	26.731051	4.005311	0.953646	4.958957
HLH35	63.77686	46.51985	33.35765	143.65436	0.484213	0.961794	1.446007
HLH4	37.86911	34.7471	4.75311	77.36932	30.08745	4.141169	34.228619
HLH5	44.97521	36.8719	7.347451	89.194561	20.59796	0.544709	21.142669
HLH6	42.15121	38.03566	19.94603	100.1329	2.982908	1.578345	4.561253
HLH7	9.43733	8.661038	5.020399	23.118767	1.94073	11.99853	13.93926
HLH8	31.18207	28.21968	6.057517	65.459267	1.090699	2.433394	3.524093
HLH9	40.7381	14.10511	0.570154	55.413364	3.668815	11.17067	14.839485
ILH1	35.89137	20.31488	17.34873	73.55498	27.75561	0.338215	28.093825
ILH10	33.51347	23.47585	10.18093	67.17025	39.55037	0.946438	40.496808
ILH11	21.04405	8.546959	13.20205	42.793059	3.594733	5.080401	8.675134
ILH12	16.23157	10.24159	6.06706	32.54022	2.036552	7.663441	9.699993
ILH13	2.426756	0.743813	0.727759	3.898328	33.49565	22.38127	55.87692
ILH14	25.699	24.70145	1.228756	51.629206	2.592186	3.157104	5.74929
ILH15	25.79073	14.46374	11.76528	52.01975	7.042161	17.44677	24.488931
ILH16	45.22641	18.90848	27.81086	91.94575	8.55674	0.871358	9.428098
ILH17	2.982986	1.090079	1.053252	5.126317	7.96936	7.785225	15.754585
ILH18	15.07304	12.64921	7.409056	35.131306	0.809291	4.378262	5.187553
ILH19	46.40492	38.70609	9.770572	94.881582	21.9414	0.810682	22.752082
ILH2	33.59714	28.3835	6.8996	68.88024	33.16986	3.264576	36.434436
ILH20	20.27054	16.78102	3.793374	40.844934	3.518918	5.626348	9.145266
ILH21	29.53666	20.74561	9.589917	59.872187	17.61051	10.58406	28.19457
ILH24	55.29892	24.12657	33.96909	113.39458	7.524059	3.91951	11.443569
ILH25	37.88672	21.61789	15.13477	74.63938	22.11906	2.480162	24.599222
ILH26	51.31378	18.22585	31.91098	101.45061	4.80711	0.56426	5.37137
ILH27	15.15006	10.6396	6.081022	31.870682	0.244991	24.31971	24.564701
ILH28	33.62078	25.8598	14.98751	74.46809	9.231414	0.892664	10.124078
ILH29	69.02436	63.54258	17.29039	149.85733	11.90737	0.36216	12.26953
ILH3	39.00203	23.16268	21.41663	83.58134	1.281947	1.887221	3.169168
ILH30	58.84386	30.60785	35.19066	124.64237	11.30701	0.65655	11.96356
ILH31	22.32693	7.55514	15.26599	45.14806	0.250484	2.955712	3.206196
ILH33	2.943358	1.782381	1.132847	5.858586	0.378468	20.06393	20.442398
ILH34	50.3577	23.161	27.29772	100.81642	5.072368	0.819726	5.892094
ILH35	10.94615	4.950931	6.813035	22.710116	0.342854	5.696402	6.039256
ILH36	16.77331	4.048289	1.340898	22.162497	0.294343	6.11296	6.407303
ILH37	50.83604	49.07424	3.031647	102.941927	3.913043	0.982944	4.895987
ILH38	25.87295	18.41989	7.042254	51.335094	10.06455	3.997946	14.062496
ILH39	38.07087	27.4712	16.12837	81.67044	43.80014	0.851162	44.651302
ILH4	49.47187	24.10396	25.80406	99.37989	27.68217	1.379658	29.061828
ILH40	6.712486	5.019656	2.214318	13.94646	3.719948	16.38275	20.102698
ILH42	4.832871	3.206243	2.285976	10.32509	0.648771	10.38621	11.034981
ILH43	35.05351	22.60497	16.60167	74.26015	31.18203	0.428961	31.610991
ILH5	34.78148	27.98861	6.018931	68.789021	41.98579	1.311966	43.297756
ILH6	49.88583	40.41102	9.525222	99.822072	4.228819	1.266273	5.495092
ILH7	4.244103	3.410484	0.877752	8.532339	7.017114	11.3691	18.386214
ILH8	39.4045	35.89502	12.4797	87.77922	3.099918	1.026245	4.126163
ILH9	20.77178	18.67841	3.234853	42.685043	46.17663	2.512047	48.688677
AHH1	29.96995	8.900108	1.687703	40.557761	1.497776	16.66787	18.165646
AHH10	37.40238	32.70213	5.942106	76.046616	29.48741	2.322236	31.809646
AHH11	27.48479	17.51606	11.72245	56.7233	2.915821	4.468813	7.384634
AHH12	19.03053	15.65722	3.696632	38.384382	62.77909	1.927238	64.706328
AHH13	38.78887	30.706	6.59872	76.09359	21.80479	3.65273	25.45752
AHH14	29.85413	24.09291	4.900098	58.847138	39.68804	3.223829	42.911869
AHH15	20.86921	10.89439	11.2634	43.027	25.2504	6.02706	31.27746
AHH16	34.80947	30.6994	4.768809	70.277679	34.17279	2.35131	36.5241
AHH17	21.35524	18.02071	3.312204	42.688154	36.9342	4.008571	40.942771
AHH18	27.08657	21.69028	5.115963	53.892813	14.88798	2.06084	16.94882
AHH19	40.05344	36.01652	4.678164	80.748124	19.33932	4.114647	23.453967
AHH2	37.15613	32.06027	12.12628	81.34268	5.745055	2.668433	8.413488
AHH20	30.19235	22.66647	7.821242	60.680062	24.78448	3.340297	28.124777
AHH21	49.74415	41.13152	9.981614	100.857284	10.57085	2.193031	12.763881
AHH22	42.67224	39.41587	7.350765	89.438875	7.017544	4.285874	11.303418
AHH23	43.10458	37.68972	4.793772	85.588072	7.334995	4.299523	11.634518
AHH24	55.75375	49.49024	10.75349	115.99748	4.774224	1.65098	6.425204
AHH25	71.4988	62.34611	10.16484	144.00975	3.224407	2.179212	5.403619
AHH26	30.87699	24.19499	8.623574	63.695554	31.50726	2.679372	34.186632
AHH27	26.09417	18.27553	9.08535	53.45505	32.48886	2.775108	35.263968
AHH28	15.72737	12.43931	3.500092	31.666772	33.94997	8.770205	42.720175
AHH29	36.55462	31.44087	6.615085	74.610575	12.5538	4.186309	16.740109
AHH3	38.17777	34.60613	3.273756	76.057656	28.5581	2.560631	31.118731
AHH30	23.4168	18.29645	7.073028	48.786278	45.66455	1.983307	47.647857
AHH31	49.41835	43.10507	8.419795	100.943215	4.125008	5.206565	9.331573
AHH32	38.69518	32.3369	6.848492	77.880572	13.65133	2.518323	16.169653
AHH33	47.97601	37.52659	10.7423	96.2449	19.26362	2.956661	22.220281
AHH34	40.57671	30.23532	17.52733	88.33936	7.850346	1.721332	9.571678
AHH35	35.2906	29.67104	6.261865	71.223505	15.07476	2.171369	17.246129
AHH36	18.82726	14.54031	6.23671	39.60428	16.58377	3.048978	19.632748
AHH37	37.93544	33.78863	5.618336	77.342406	17.55515	2.007075	19.562225
AHH38	40.39274	38.13046	15.23874	93.76194	12.59718	8.180229	20.777409
AHH39	40.3857	33.2445	11.13392	84.76412	3.419964	1.383877	4.803841
AHH4	53.04618	43.87207	5.726943	102.645193	16.3724	3.023542	19.395942
AHH40	41.10475	34.55445	6.958622	82.617822	3.03649	2.475774	5.512264
AHH41	26.6363	14.43596	13.86402	54.93628	34.58617	1.917494	36.503664
AHH42	45.93969	42.36974	5.402038	93.711468	15.04169	1.725074	16.766764
AHH43	37.60742	27.63746	10.7849	76.02978	17.43764	5.14823	22.58587
AHH44	5.016215	1.787793	1.164144	7.968152	22.26634	2.114169	24.380509
AHH45	51.38249	48.71879	7.603687	107.704967	19.91189	2.509242	22.421132
AHH46	14.72488	6.56168	8.232354	29.518914	27.6565	2.184607	29.841107
AHH47	55.2464	49.91747	14.95913	120.123	8.777411	1.961015	10.738426
AHH48	10.11181	3.754284	6.51158	20.377674	9.324264	8.55229	17.876554
AHH49	43.44999	34.85875	7.949057	86.257797	9.578803	2.690159	12.268962
AHH5	29.37148	19.85087	8.624552	57.846902	2.729775	3.891449	6.621224
AHH50	35.34875	22.43877	8.809391	66.596911	27.63808	3.113044	30.751124
AHH6	26.98712	22.33211	5.064397	54.383627	9.719411	4.116835	13.836246
AHH7	27.51223	20.03986	8.378329	55.930419	31.41511	3.199855	34.614965
AHH8	32.99755	26.11723	6.543576	65.658356	15.47857	2.288682	17.767252
AHH9	43.66782	39.18984	9.631582	92.489242	9.613404	4.986972	14.600376
CHH1	28.07378	24.13144	8.741563	60.946783	2.449379	2.702871	5.15225
CHH10	41.14116	36.89409	15.14208	93.17733	2.674366	1.428354	4.10272
CHH11	13.72606	11.5329	2.438131	27.697091	0.513088	9.42268	9.935768
CHH12	46.56433	27.61581	18.43886	92.619	7.214149	1.240785	8.454934
CHH13	27.86038	13.65602	15.78614	57.30254	7.887799	6.938732	14.826531
CHH14	19.51056	13.69221	8.429581	41.632351	5.178936	4.459174	9.63811
CHH15	20.08592	17.88597	4.553502	42.525392	19.65374	1.595939	21.249679
CHH16	33.30135	15.60522	20.07493	68.9815	5.0215	1.384096	6.405596
CHH17	11.29038	10.55766	1.678397	23.526437	72.90742	0.617217	73.524637
CHH18	14.46955	8.678631	7.787124	30.935305	2.116361	2.023334	4.139695
CHH19	51.95537	42.07853	14.41539	108.44929	6.649872	2.263276	8.913148
CHH2	37.18033	30.20954	10.46444	77.85431	0.507342	2.363471	2.870813
CHH20	9.403593	7.908982	1.662275	18.97485	12.11497	2.553293	14.668263
CHH3	21.45359	8.411778	13.15127	43.016638	0.429619	14.14459	14.574209
CHH4	8.943089	7.347026	1.459136	17.749251	10.7531	1.56611	12.31921
CHH5	22.43328	7.54717	13.83223	43.81268	0.917899	1.534081	2.45198
CHH6	43.08806	38.02274	13.57955	94.69035	2.668922	1.823137	4.492059
CHH7	18.96179	13.90663	5.562899	38.431319	1.299616	4.43253	5.732146
CHH8	31.53591	25.69093	8.034327	65.261167	2.682614	2.479897	5.162511
CHH9	44.63022	40.71079	16.88633	102.22734	2.627338	2.143885	4.771223
HHH1	36.36904	25.23232	11.3932	72.99456	51.47573	0.256487	51.732217
HHH10	52.9274	35.83964	17.44724	106.21428	3.451479	0.993638	4.445117
HHH11	55.15355	18.05507	34.11774	107.32636	6.528219	4.698592	11.226811
HHH12	6.89103	1.612856	5.324755	13.828641	2.669656	7.2957	9.965356
HHH13	34.04451	25.73159	7.914795	67.690895	1.63332	0.197359	1.830679
HHH14	49.47734	33.8404	15.63695	98.95469	1.266981	10.8151	12.082081
HHH15	31.16729	23.00372	9.052045	63.223055	0.39777	2.230483	2.628253
HHH16	51.37762	31.22018	22.99022	105.58802	27.21851	0.199785	27.418295
HHH17	21.76888	17.74298	4.738392	44.250252	5.357762	1.364345	6.722107
HHH18	31.90589	20.97116	10.90274	63.77979	0.575901	0.910612	1.486513
HHH19	31.94974	22.74546	8.855282	63.550482	0.623546	2.596557	3.220103
HHH2	24.27909	16.45574	4.442383	45.177213	54.63722	0.337725	54.974945
HHH20	16.12989	10.86095	6.354704	33.345544	2.301415	15.71357	18.014985
HHH21	26.48472	21.41478	6.805699	54.705199	1.22082	10.31153	11.53235
HHH22	32.10175	15.70331	14.80922	62.61428	1.919154	13.11925	15.038404
HHH23	3.621125	1.426698	2.69985	7.747673	0.463837	26.72979	27.193627
HHH24	29.07635	24.35397	10.56522	63.99554	1.161529	1.484176	2.645705
HHH25	69.23903	61.13765	8.831879	139.208559	5.923695	1.215206	7.138901
HHH26	61.59705	37.78776	25.88922	125.27403	4.001172	11.92295	15.924122
HHH27	34.94031	26.13085	9.153059	70.224219	8.380858	7.704297	16.085155
HHH28	41.79048	24.70245	22.12237	88.6153	9.010304	4.055835	13.066139
HHH29	47.968	26.85556	20.75573	95.57929	1.865111	11.73083	13.595941
HHH3	35.79829	29.90085	5.996581	71.695721	48.60855	0.403419	49.011969
HHH30	19.27819	13.00884	6.027251	38.314281	25.46872	0.616519	26.085239
HHH31	44.29931	43.01766	1.713543	89.030513	0.080761	13.03768	13.118441
HHH32	7.385802	4.53332	2.669567	14.588689	8.433854	24.8072	33.241054
HHH33	26.04433	11.83907	13.64207	51.52547	64.05737	0.255257	64.312627
HHH34	58.89954	50.07198	8.83458	117.8061	4.013484	0.358159	4.371643
HHH35	3.258056	1.597164	1.652925	6.508145	39.38742	1.82021	41.20763
HHH4	16.55611	16.05291	0.39265	33.00167	48.31504	0.949222	49.264262
HHH5	34.79007	27.39778	8.037184	70.225034	47.32094	0.277854	47.598794
HHH6	37.2549	21.30366	15.78819	74.34675	22.21679	1.822184	24.038974
HHH7	70.0649	51.20746	20.98585	142.25821	16.29342	0.467782	16.761202
HHH8	4.920952	2.870555	2.050397	9.841904	3.73388	0.248206	3.982086
HHH9	53.61593	44.62447	14.18509	112.42549	4.47638	1.968575	6.444955
