#OTU ID	acetylcoa	but	buk	butyrate	succinate	pdiol	"propionate
"
ALH1	37.9114	32.96527	14.5737	85.45037	5.143972	10.566	15.709972
ALH10	27.54096	25.17297	4.456268	57.170198	8.687514	3.798027	12.485541
ALH11	37.2093	30.95193	7.464975	75.626205	17.72018	2.693523	20.413703
ALH12	24.9684	19.05259	9.056438	53.077428	27.76831	10.74353	38.51184
ALH13	23.43402	17.16561	9.032635	49.632265	7.831583	4.99314	12.824723
ALH14	20.44323	13.61235	4.7896	38.84518	23.82256	3.269092	27.091652
ALH15	38.58972	30.99258	11.22835	80.81065	4.04599	5.632368	9.678358
ALH16	53.47248	42.49169	11.8997	107.86387	5.656631	3.444773	9.101404
ALH17	12.21712	10.16243	2.807904	25.187454	39.43022	2.529505	41.959725
ALH18	22.44169	17.00572	5.963476	45.410886	30.87713	2.136065	33.013195
ALH19	25.75171	15.88478	10.26278	51.89927	30.74202	3.457424	34.199444
ALH2	23.0437	19.23814	4.645231	46.927071	21.33269	1.753831	23.086521
ALH20	25.36806	16.95721	11.11417	53.43944	14.67879	3.702428	18.381218
ALH21	41.95311	22.15996	24.5909	88.70397	10.06384	2.157732	12.221572
ALH22	13.57292	10.10367	3.997741	27.674331	0.703695	1.287212	1.990907
ALH23	25.34981	21.86229	6.383653	53.595753	23.52553	4.955383	28.480913
ALH24	49.58441	43.40169	6.915111	99.901211	7.821229	3.610846	11.432075
ALH25	61.78266	14.24662	47.1788	123.20808	2.006638	2.434822	4.44146
ALH26	23.39999	9.468334	13.26012	46.128444	1.728936	4.511557	6.240493
ALH27	9.300609	7.09725	2.037276	18.435135	4.665067	6.626684	11.291751
ALH28	22.54243	15.82335	9.872611	48.238391	3.166897	1.768295	4.935192
ALH29	38.89469	30.46377	9.5109	78.86936	4.608786	2.573276	7.182062
ALH3	30.47754	21.82723	12.07785	64.38262	19.3062	2.713592	22.019792
ALH30	21.29958	15.56657	7.117564	43.983714	8.512748	4.497167	13.009915
ALH31	41.28063	26.78805	14.50795	82.57663	2.235538	3.046017	5.281555
ALH32	37.32773	29.11804	15.57943	82.0252	10.37503	2.709833	13.084863
ALH33	25.07761	17.75696	7.924592	50.759162	6.304679	4.814585	11.119264
ALH34	22.50208	11.19849	10.86145	44.56202	22.63618	14.26449	36.90067
ALH35	34.97218	16.59902	20.5761	72.1473	11.018	5.13257	16.15057
ALH36	74.78468	68.93106	6.200365	149.916105	0.503337	2.904441	3.407778
ALH37	23.91495	16.64895	9.013173	49.577073	0.383638	14.36561	14.749248
ALH38	14.78604	13.09324	2.218706	30.097986	4.264774	4.224812	8.489586
ALH39	35.98338	21.76524	18.78342	76.53204	14.29218	3.302624	17.594804
ALH4	25.53917	15.95272	10.4758	51.96769	14.67798	5.180464	19.858444
ALH40	39.12687	36.22476	6.114019	81.465649	8.378734	3.404195	11.782929
ALH41	35.05035	26.19465	21.0909	82.3359	3.02678	3.980531	7.007311
ALH42	49.69421	32.09498	17.44814	99.23733	5.995923	2.607027	8.60295
ALH43	21.79201	13.28428	15.83941	50.9157	7.11859	4.292061	11.410651
ALH44	43.88312	29.08005	17.13593	90.0991	1.729947	2.234351	3.964298
ALH45	29.44544	15.65001	14.55177	59.64722	27.4199	2.349315	29.769215
ALH46	47.6623	14.6413	32.46549	94.76909	17.73598	2.138617	19.874597
ALH47	39.03618	24.76243	16.38373	80.18234	17.53374	2.522308	20.056048
ALH48	34.56661	16.14146	17.08045	67.78852	22.90067	6.330535	29.231205
ALH49	36.97611	27.17653	10.82251	74.97515	11.67869	14.20555	25.88424
ALH5	18.63803	15.24704	7.959829	41.844899	30.78544	2.454901	33.240341
ALH50	52.59836	43.19216	9.989724	105.780244	2.198326	3.926894	6.12522
ALH51	29.46953	13.99644	18.8333	62.29927	4.619996	4.332464	8.95246
ALH52	11.02832	5.692996	5.802285	22.523601	5.146547	7.431694	12.578241
ALH53	28.09648	15.42552	13.29039	56.81239	6.112101	4.571742	10.683843
ALH54	15.02486	8.336402	6.4652	29.826462	8.083226	15.73145	23.814676
ALH55	17.33763	12.09278	7.896907	37.327317	25.89691	2.335052	28.231962
ALH56	29.29066	21.06324	10.98367	61.33757	18.05125	2.681339	20.732589
ALH57	36.15114	30.65228	6.212508	73.015928	12.72495	3.278632	16.003582
ALH58	28.13506	19.01864	10.93321	58.08691	24.95643	3.840359	28.796789
ALH59	54.07818	44.05307	7.825637	105.956887	1.836873	3.645854	5.482727
ALH6	36.35471	28.17768	9.925038	74.457428	11.25405	2.694033	13.948083
ALH60	4.876224	2.605347	1.9034	9.384971	39.10001	12.67906	51.77907
ALH61	36.49756	27.1125	10.25107	73.86113	1.043687	0.924901	1.968588
ALH62	26.59546	20.27519	7.396402	54.267052	10.6944	15.99475	26.68915
ALH63	53.91315	37.07269	21.20155	112.18739	12.09897	2.070438	14.169408
ALH64	32.64629	27.22792	10.00625	69.88046	5.319599	1.542059	6.861658
ALH65	29.45452	24.36228	6.351541	60.168341	6.996849	7.968608	14.965457
ALH66	38.04371	31.10273	15.74713	84.89357	8.037303	10.5147	18.552003
ALH67	35.02686	21.16022	15.19237	71.37945	6.717171	5.749635	12.466806
ALH68	49.64976	42.299	20.456	112.40476	20.32763	5.162839	25.490469
ALH69	33.28304	23.28652	9.996518	66.566078	46.1726	2.187917	48.360517
ALH7	33.84028	17.9224	9.947334	61.710014	6.362855	4.33147	10.694325
ALH70	25.75857	10.49055	5.172414	41.421534	3.982132	10.60767	14.589802
ALH71	18.79109	12.98515	5.243902	37.020142	40.89077	5.206787	46.097557
ALH72	9.179123	5.349259	3.652825	18.181207	30.99747	15.26567	46.26314
ALH73	43.17621	29.87465	22.57329	95.62415	1.419248	2.117476	3.536724
ALH74	38.58396	15.83263	23.70409	78.12068	10.51262	1.66867	12.18129
ALH75	54.17746	26.11137	24.06185	104.35068	1.940119	2.545494	4.485613
ALH76	29.37257	23.96222	6.530493	59.865283	2.723479	13.05366	15.777139
ALH77	64.44458	51.3172	29.61168	145.37346	2.628449	2.408421	5.03687
ALH78	32.19371	18.55206	16.27774	67.02351	10.35395	1.607887	11.961837
ALH79	33.29536	30.075	3.592519	66.962879	4.686224	3.003893	7.690117
ALH8	41.35019	20.23042	25.37112	86.95173	2.659061	2.661307	5.320368
ALH80	31.66691	18.86004	13.3016	63.82855	17.49849	2.120274	19.618764
ALH81	28.3075	18.15792	12.77402	59.23944	7.780949	7.973992	15.754941
ALH82	24.49699	14.73361	9.638752	48.869352	0.678878	2.776184	3.455062
ALH83	33.91079	27.81511	4.792358	66.518258	3.675221	8.208532	11.883753
ALH84	49.00557	24.29688	26.37465	99.6771	1.984183	3.509757	5.49394
ALH85	33.82519	27.3528	8.767056	69.945046	5.68418	3.033484	8.717664
ALH86	49.97509	22.41594	27.74595	100.13698	7.353674	3.122665	10.476339
ALH87	32.22296	21.84149	13.05081	67.11526	9.34746	2.669339	12.016799
ALH88	49.32748	41.02401	10.36862	100.72011	11.03004	1.429115	12.459155
ALH89	35.34408	12.90778	22.67039	70.92225	5.690105	2.836049	8.526154
ALH9	40.76455	37.1978	6.653478	84.615828	11.01155	3.130364	14.141914
ALH90	40.1002	18.94411	21.47664	80.52095	36.018	1.645191	37.663191
ALH91	8.878823	8.038778	1.154339	18.07194	0.362825	2.247438	2.610263
ALH92	59.12373	31.40329	29.56088	120.0879	0.427736	2.191657	2.619393
ALH93	32.2873	26.37175	6.695394	65.354444	14.88256	2.601813	17.484373
ALH94	48.46445	42.91781	5.91434	97.2966	14.92568	6.670465	21.596145
ALH95	46.05689	37.39102	15.06252	98.51043	5.218453	2.244308	7.462761
ALH96	42.94194	31.9107	11.66793	86.52057	9.776336	3.07667	12.853006
GLH10	9.134259	7.703719	1.557698	18.395676	16.24104	1.59302	17.83406
GLH12	18.31188	11.8104	6.034662	36.156942	4.076657	11.77071	15.847367
GLH13	43.00798	19.17394	23.56167	85.74359	9.297814	1.984927	11.282741
GLH15	21.18065	18.28876	5.62142	45.09083	21.56052	9.015715	30.576235
GLH16	2.604854	1.802579	1.152635	5.560068	14.23784	0.13202	14.36986
GLH17	38.06511	24.00635	18.93918	81.01064	11.83734	0.850103	12.687443
GLH18	26.43768	20.91518	7.224904	54.577764	8.261309	1.784712	10.046021
GLH21	56.33905	34.10924	23.4338	113.88209	4.56315	0.477586	5.040736
GLH22	18.08448	12.6229	7.006616	37.713996	35.04936	0.96285	36.01221
GLH23	41.34852	32.75167	10.1984	84.29859	20.10654	0.31758	20.42412
GLH24	37.18819	29.67107	7.948154	74.807414	15.40108	0.602225	16.003305
GLH25	38.46834	30.35567	10.83676	79.66077	23.12294	3.090049	26.212989
GLH26	36.13985	24.2336	16.89446	77.26791	15.66967	1.126137	16.795807
GLH27	7.683773	3.800637	4.389508	15.873918	2.241693	21.21074	23.452433
GLH28	12.86626	11.49439	8.538519	32.899169	0.089211	3.715158	3.804369
GLH29	47.58818	40.69113	8.562045	96.841355	7.122662	0.511209	7.633871
GLH30	40.80307	7.697521	31.4226	79.923191	7.313492	28.14706	35.460552
GLH31	21.47469	16.96603	5.343095	43.783815	11.98672	1.411941	13.398661
GLH32	10.0617	5.424702	3.651391	19.137793	9.289511	16.19262	25.482131
GLH33	44.17128	28.8582	14.54464	87.57412	13.27227	8.987388	22.259658
GLH34	3.401243	2.777434	1.049583	7.22826	3.304701	19.97178	23.276481
GLH35	7.835848	2.190861	5.695517	15.722226	10.22522	20.8186	31.04382
GLH36	21.55868	7.715607	13.72027	42.994557	19.61442	3.696124	23.310544
GLH37	7.841833	3.69674	3.014087	14.55266	10.56955	18.84527	29.41482
GLH38	9.649403	6.37	3.35202	19.371423	42.19653	2.498039	44.694569
GLH39	54.1487	21.0801	34.28334	109.51214	9.943272	2.890855	12.834127
GLH40	30.5696	26.28918	4.191201	61.049981	17.49043	2.519875	20.010305
GLH41	58.5766	38.53453	25.75903	122.87016	3.744303	0.40201	4.146313
GLH43	39.98037	27.29949	18.64875	85.92861	2.912411	1.330628	4.243039
GLH44	8.072776	5.938005	1.595687	15.606468	13.67655	16.6496	30.32615
GLH45	20.35317	13.42655	8.764962	42.544682	15.76405	15.87945	31.6435
GLH46	7.80476	7.271279	0.481519	15.557558	37.72474	12.02757	49.75231
GLH47	29.13239	22.64398	8.255423	60.031793	12.13538	10.74233	22.87771
GLH48	43.1091	39.41587	4.318824	86.843794	23.85152	0.218579	24.070099
GLH49	6.400587	2.495006	2.246321	11.141914	3.962656	24.72991	28.692566
GLH50	22.86525	17.11063	5.356852	45.332732	3.172378	1.537283	4.709661
GLH51	0.478147	0.289877	0.201718	0.969742	10.53269	1.988793	12.521483
GLH52	43.58527	2.390736	6.217574	52.19358	4.146433	2.826547	6.97298
GLH53	5.46698	1.215369	4.269036	10.951385	0.165534	6.802143	6.967677
GLH55	6.567996	3.395886	3.690327	13.654209	9.936401	16.31203	26.248431
GLH56	15.51827	2.378929	12.93968	30.836879	0.581988	5.48853	6.070518
GLH57	3.187853	1.472328	0.847903	5.508084	15.94584	19.50835	35.45419
GLH58	26.9465	15.55546	11.95459	54.45655	53.28803	0.294203	53.582233
GLH59	25.20586	19.6912	6.46912	51.36618	3.053649	4.4136	7.467249
GLH61	21.87147	21.32492	1.375801	44.572191	5.723081	3.181932	8.905013
GLH62	30.43428	20.68838	12.03511	63.15777	13.79071	8.309078	22.099788
GLH63	40.07005	39.66513	2.374851	82.110031	11.85888	0.292158	12.151038
GLH64	54.49942	45.02156	12.76261	112.28359	6.973243	1.895572	8.868815
GLH65	34.70694	22.25828	12.95015	69.91537	2.616352	8.92691	11.543262
GLH66	35.57812	33.73222	1.632666	70.943006	6.673881	3.653607	10.327488
GLH68	34.27882	28.80852	7.586861	70.674201	1.896715	4.577981	6.474696
GLH69	49.6653	34.46817	21.82546	105.95893	13.1848	1.069815	14.254615
GLH7	23.62001	17.24441	7.030753	47.895173	26.28954	3.055786	29.345326
GLH71	52.24212	51.03203	10.72618	114.00033	15.78356	2.30403	18.08759
GLH73	1.353028	0.82965	0.480732	2.66341	35.20586	15.7052	50.91106
GLH74	44.99242	40.1846	6.598705	91.775725	1.253616	6.006337	7.259953
GLH76	40.41189	29.61944	18.84816	88.87949	0.499513	6.35821	6.857723
GLH77	15.83375	11.15177	9.459051	36.444571	6.318519	1.372902	7.691421
GLH79	40.90817	29.95872	14.48399	85.35088	11.66913	1.252434	12.921564
GLH8	5.881654	1.692634	4.238513	11.812801	15.21391	1.722329	16.936239
GLH80	7.396014	5.43234	3.978926	16.80728	25.66408	1.843938	27.508018
GLH81	33.79002	26.51953	12.2382	72.54775	8.380881	0.867812	9.248693
GLH82	65.88138	59.89056	5.645928	131.417868	10.73106	0.509193	11.240253
GLH84	37.82965	17.31319	22.93027	78.07311	14.29924	0.414608	14.713848
GLH85	54.83415	34.48357	26.63889	115.95661	7.624587	2.177331	9.801918
GLH87	41.63341	36.49188	6.153132	84.278422	6.593968	3.271462	9.86543
GLH88	50.80686	45.87524	10.55431	107.23641	9.490556	1.000434	10.49099
GLH89	24.68693	22.07327	4.174244	50.934444	15.09829	0.176669	15.274959
GLH90	45.14886	40.86388	6.590948	92.603688	11.39907	0.92583	12.3249
GLH91	34.308	24.13825	9.038079	67.484329	21.29989	0.896161	22.196051
GLH92	32.24469	20.98669	11.79944	65.03082	4.343068	1.224008	5.567076
GLH94	46.41386	19.25277	30.39322	96.05985	25.35301	0.441351	25.794361
GLH95	41.95635	31.02638	13.69796	86.68069	3.777719	0.447016	4.224735
HLH1	20.45682	7.723055	12.70164	40.881515	6.163455	17.49465	23.658105
HLH10	10.52355	9.309108	1.173799	21.006457	0.234282	2.338035	2.572317
HLH11	29.62246	25.15029	5.553739	60.326489	9.854868	0.769676	10.624544
HLH12	33.05135	27.47361	12.15954	72.6845	1.739337	9.246156	10.985493
HLH13	7.88348	7.076154	3.907097	18.866731	2.168936	16.89059	19.059526
HLH14	54.56366	38.93493	19.5667	113.06529	4.149286	0.861831	5.011117
HLH15	22.78796	8.915561	13.94399	45.647511	6.46873	11.51821	17.98694
HLH16	9.489431	8.32852	0.883678	18.701629	0.762389	1.091602	1.853991
HLH17	0.373255	0.205136	0.080204	0.658595	0.035475	7.92319	7.958665
HLH18	3.647019	2.107988	0.489304	6.244311	0.981452	14.93514	15.916592
HLH19	14.63296	13.64571	8.11488	36.39355	7.467933	2.213829	9.681762
HLH2	14.13569	8.699832	6.947047	29.782569	6.838576	15.45706	22.295636
HLH20	14.2586	10.60599	3.40725	28.27184	0.587936	1.161983	1.749919
HLH21	27.80021	16.79654	10.67505	55.2718	7.567365	19.44418	27.011545
HLH22	13.36436	12.20351	6.637227	32.205097	6.243224	4.014068	10.257292
HLH23	8.36357	7.006187	5.215485	20.585242	2.304941	3.933801	6.238742
HLH24	2.75	2.245327	0.221963	5.21729	6.049065	15.42056	21.469625
HLH25	17.61539	11.74539	6.867777	36.228557	61.88895	0.262006	62.150956
HLH26	9.012421	7.622681	5.255389	21.890491	14.1202	4.311257	18.431457
HLH27	3.120696	2.035236	0.842876	5.998808	3.871061	15.19232	19.063381
HLH28	39.7758	36.65032	5.926664	82.352784	8.293754	2.060671	10.354425
HLH29	2.131103	2.072256	0.07566	4.279019	0.147118	0.031525	0.178643
HLH3	33.30957	18.65344	19.72732	71.69033	0.762732	2.636071	3.398803
HLH30	0.2668	0.236785	0.010005	0.51359	1.243955	3.998666	5.242621
HLH31	24.96431	22.98033	4.186453	52.131093	8.623452	2.601602	11.225054
HLH32	2.132265	1.436861	0.665469	4.234595	4.02275	4.457953	8.480703
HLH33	48.4059	32.90889	18.88279	100.19758	2.658861	2.134407	4.793268
HLH34	14.1381	7.117335	5.475616	26.731051	4.005311	0.953646	4.958957
HLH35	63.77686	46.51985	33.35765	143.65436	0.484213	0.961794	1.446007
HLH4	37.86911	34.7471	4.75311	77.36932	30.08745	4.141169	34.228619
HLH5	44.97521	36.8719	7.347451	89.194561	20.59796	0.544709	21.142669
HLH6	42.15121	38.03566	19.94603	100.1329	2.982908	1.578345	4.561253
HLH7	9.43733	8.661038	5.020399	23.118767	1.94073	11.99853	13.93926
HLH8	31.18207	28.21968	6.057517	65.459267	1.090699	2.433394	3.524093
HLH9	40.7381	14.10511	0.570154	55.413364	3.668815	11.17067	14.839485
ILH1	35.89137	20.31488	17.34873	73.55498	27.75561	0.338215	28.093825
ILH10	33.51347	23.47585	10.18093	67.17025	39.55037	0.946438	40.496808
ILH11	21.04405	8.546959	13.20205	42.793059	3.594733	5.080401	8.675134
ILH12	16.23157	10.24159	6.06706	32.54022	2.036552	7.663441	9.699993
ILH13	2.426756	0.743813	0.727759	3.898328	33.49565	22.38127	55.87692
ILH14	25.699	24.70145	1.228756	51.629206	2.592186	3.157104	5.74929
ILH15	25.79073	14.46374	11.76528	52.01975	7.042161	17.44677	24.488931
ILH16	45.22641	18.90848	27.81086	91.94575	8.55674	0.871358	9.428098
ILH17	2.982986	1.090079	1.053252	5.126317	7.96936	7.785225	15.754585
ILH18	15.07304	12.64921	7.409056	35.131306	0.809291	4.378262	5.187553
ILH19	46.40492	38.70609	9.770572	94.881582	21.9414	0.810682	22.752082
ILH2	33.59714	28.3835	6.8996	68.88024	33.16986	3.264576	36.434436
ILH20	20.27054	16.78102	3.793374	40.844934	3.518918	5.626348	9.145266
ILH21	29.53666	20.74561	9.589917	59.872187	17.61051	10.58406	28.19457
ILH24	55.29892	24.12657	33.96909	113.39458	7.524059	3.91951	11.443569
ILH25	37.88672	21.61789	15.13477	74.63938	22.11906	2.480162	24.599222
ILH26	51.31378	18.22585	31.91098	101.45061	4.80711	0.56426	5.37137
ILH27	15.15006	10.6396	6.081022	31.870682	0.244991	24.31971	24.564701
ILH28	33.62078	25.8598	14.98751	74.46809	9.231414	0.892664	10.124078
ILH29	69.02436	63.54258	17.29039	149.85733	11.90737	0.36216	12.26953
ILH3	39.00203	23.16268	21.41663	83.58134	1.281947	1.887221	3.169168
ILH30	58.84386	30.60785	35.19066	124.64237	11.30701	0.65655	11.96356
ILH31	22.32693	7.55514	15.26599	45.14806	0.250484	2.955712	3.206196
ILH33	2.943358	1.782381	1.132847	5.858586	0.378468	20.06393	20.442398
ILH34	50.3577	23.161	27.29772	100.81642	5.072368	0.819726	5.892094
ILH35	10.94615	4.950931	6.813035	22.710116	0.342854	5.696402	6.039256
ILH36	16.77331	4.048289	1.340898	22.162497	0.294343	6.11296	6.407303
ILH37	50.83604	49.07424	3.031647	102.941927	3.913043	0.982944	4.895987
ILH38	25.87295	18.41989	7.042254	51.335094	10.06455	3.997946	14.062496
ILH39	38.07087	27.4712	16.12837	81.67044	43.80014	0.851162	44.651302
ILH4	49.47187	24.10396	25.80406	99.37989	27.68217	1.379658	29.061828
ILH40	6.712486	5.019656	2.214318	13.94646	3.719948	16.38275	20.102698
ILH42	4.832871	3.206243	2.285976	10.32509	0.648771	10.38621	11.034981
ILH43	35.05351	22.60497	16.60167	74.26015	31.18203	0.428961	31.610991
ILH5	34.78148	27.98861	6.018931	68.789021	41.98579	1.311966	43.297756
ILH6	49.88583	40.41102	9.525222	99.822072	4.228819	1.266273	5.495092
ILH7	4.244103	3.410484	0.877752	8.532339	7.017114	11.3691	18.386214
ILH8	39.4045	35.89502	12.4797	87.77922	3.099918	1.026245	4.126163
ILH9	20.77178	18.67841	3.234853	42.685043	46.17663	2.512047	48.688677
AHT1	40.60784	36.54374	10.17326	87.32484	1.789434	2.91138	4.700814
AHT10	22.69398	19.65403	4.073928	46.421938	2.738491	5.572773	8.311264
AHT11	38.93633	27.919	13.70578	80.56111	3.347158	4.849963	8.197121
AHT12	32.65655	22.32911	11.24318	66.22884	1.503099	3.570438	5.073537
AHT13	29.94092	23.08511	6.738702	59.764732	0.149039	3.83776	3.986799
AHT14	42.6151	34.26331	7.034664	83.913074	1.394959	4.783572	6.178531
AHT15	38.27868	33.052	8.080065	79.410745	0.255527	2.880483	3.13601
AHT16	27.06303	20.95052	6.070732	54.084282	1.285621	4.3674	5.653021
AHT17	28.89452	25.60852	6.318458	60.821498	2.505071	3.909736	6.414807
AHT18	9.155799	4.548724	5.387361	19.091884	0.278189	2.624472	2.902661
AHT19	11.75017	8.78587	3.557166	24.093206	3.76302	2.746099	6.509119
AHT2	44.27364	36.26854	7.587307	88.129487	0.200925	3.02982	3.230745
AHT20	18.45993	11.52442	7.691639	37.675989	0.504085	5.953416	6.457501
AHT21	36.79151	30.96335	5.395554	73.150414	1.05748	3.184458	4.241938
AHT22	34.41264	24.48214	11.73009	70.62487	16.09662	3.33081	19.42743
AHT23	34.47176	22.76846	9.895218	67.135438	3.226188	3.273458	6.499646
AHT24	32.98492	25.27727	11.69712	69.95931	0.191494	5.912391	6.103885
AHT25	47.33908	44.62747	17.42975	109.3963	1.968238	3.981528	5.949766
AHT26	25.95586	21.95334	3.600813	51.510013	39.58313	14.18707	53.7702
AHT27	42.38688	35.86904	8.026095	86.282015	0.436916	4.411061	4.847977
AHT28	26.17224	21.65141	5.355253	53.178903	5.311663	9.651909	14.963572
AHT29	19.48769	16.5765	3.525818	39.590008	0.706636	3.643591	4.350227
AHT3	27.02496	22.57445	5.161395	54.760805	6.511369	2.074746	8.586115
AHT30	31.01807	24.43685	8.262021	63.716941	0.698415	4.274915	4.97333
AHT31	46.62158	43.48219	4.579374	94.683144	0.408092	2.104588	2.51268
AHT32	30.63475	20.54169	12.79635	63.97279	7.065015	2.161607	9.226622
AHT33	29.89509	23.01339	7.367102	60.275582	5.539028	4.732639	10.271667
AHT34	34.34086	21.28107	10.34038	65.96231	2.350222	5.498859	7.849081
AHT35	44.87612	32.40483	12.30514	89.58609	4.144065	3.327958	7.472023
AHT36	46.92692	39.00606	7.428169	93.361149	3.58714	4.869159	8.456299
AHT37	44.02468	34.67489	8.005062	86.704632	4.25882	2.686284	6.945104
AHT38	39.00696	30.39416	18.10399	87.50511	4.140767	2.553318	6.694085
AHT39	27.86189	19.1411	10.95275	57.95574	14.50776	2.597682	17.105442
AHT4	33.73932	18.2992	15.6951	67.73362	7.096162	2.465753	9.561915
AHT40	44.54451	34.42257	9.152254	88.119334	5.302728	2.901092	8.20382
AHT41	22.56324	12.39568	10.5635	45.52242	0.489099	2.767678	3.256777
AHT42	43.03849	35.03843	8.419691	86.496611	1.919172	3.194609	5.113781
AHT43	46.52368	19.64196	26.14753	92.31317	1.647589	2.250742	3.898331
AHT44	29.32187	20.00714	9.669354	58.998364	5.651087	4.270844	9.921931
AHT45	25.052	20.53522	3.913616	49.500836	1.053799	2.485441	3.53924
AHT46	26.87697	22.66365	4.277921	53.818541	0.710594	2.716767	3.427361
AHT47	26.63493	16.75533	10.73557	54.12583	4.547818	12.13151	16.679328
AHT48	40.36689	34.67114	7.454139	82.492169	0.948546	3.834452	4.782998
AHT49	21.61606	18.8834	8.351584	48.851044	2.023339	3.262184	5.285523
AHT5	30.84977	23.60299	12.62479	67.07755	0.940467	3.265766	4.206233
AHT50	22.34571	19.61982	3.403878	45.369408	10.28007	4.089469	14.369539
AHT51	37.14378	28.30871	14.49423	79.94672	29.02721	9.684346	38.711556
AHT52	48.84406	38.3197	11.47577	98.63953	1.88422	3.449238	5.333458
AHT53	37.38443	29.2284	7.987078	74.599908	1.57625	3.33816	4.91441
AHT54	35.33811	21.80882	6.302711	63.449641	18.05469	1.844369	19.899059
AHT55	35.87089	16.70391	16.1993	68.7741	8.918321	13.96325	22.881571
AHT56	32.74761	23.06641	8.314506	64.128526	12.03804	2.794745	14.832785
AHT57	10.32856	8.243577	2.729743	21.30188	0.459486	11.57115	12.030636
AHT58	35.13819	18.81712	15.68577	69.64108	1.157728	2.531523	3.689251
AHT59	39.97541	26.37393	14.21035	80.55969	4.002301	1.489459	5.49176
AHT6	21.09031	9.0612	10.59121	40.74272	8.434343	4.059715	12.494058
AHT60	23.07025	17.50639	5.313148	45.889788	15.1391	3.394243	18.533343
AHT61	51.41895	47.85654	4.70178	103.97727	8.883478	2.588384	11.471862
AHT62	12.63461	6.350407	6.361217	25.346234	3.935901	2.775263	6.711164
AHT63	17.04496	14.97673	3.157541	35.179231	0.724603	2.975191	3.699794
AHT64	35.44432	26.37186	6.278008	68.094188	0.879344	3.276401	4.155745
AHT65	44.11776	36.45594	10.11323	90.68693	7.20702	1.388941	8.595961
AHT66	32.00333	25.01421	8.801333	65.818873	9.670685	5.307263	14.977948
AHT67	30.32174	25.0109	6.206596	61.539236	35.23333	4.827725	40.061055
AHT68	48.75254	35.78414	11.18678	95.72346	5.845141	2.714392	8.559533
AHT69	34.17359	21.13404	10.80198	66.10961	3.737591	6.152553	9.890144
AHT7	21.34774	12.42996	10.51456	44.29226	1.182934	2.970152	4.153086
AHT70	43.83586	36.56905	13.58279	93.9877	2.588576	2.516269	5.104845
AHT71	16.29768	11.86982	5.489971	33.657471	0.484409	3.487746	3.972155
AHT72	26.0631	19.21522	5.797415	51.075735	1.129882	3.212764	4.342646
AHT73	22.00487	16.52705	5.044927	43.576847	4.062149	1.705822	5.767971
AHT74	35.85309	31.34369	10.09426	77.29104	0.703816	5.196612	5.900428
AHT75	58.3039	39.20425	16.79674	114.30489	3.357157	3.055943	6.4131
AHT76	30.84401	24.95876	10.1316	65.93437	7.590805	2.758379	10.349184
AHT77	38.7404	32.17629	10.72387	81.64056	14.89997	1.678377	16.578347
AHT78	40.20558	29.10442	15.61239	84.92239	7.707354	1.945566	9.65292
AHT79	11.19779	6.447656	4.94147	22.586916	1.655333	5.041555	6.696888
AHT8	33.77602	30.66054	8.038344	72.474904	2.216786	3.969245	6.186031
AHT80	36.07044	28.56565	10.6383	75.27439	3.230591	3.564976	6.795567
AHT81	49.47421	42.60665	6.168155	98.249015	1.438492	2.440476	3.878968
AHT82	33.46696	20.51037	12.95061	66.92794	9.656864	7.218715	16.875579
AHT83	28.83325	23.71499	5.97526	58.5235	1.868382	3.21425	5.082632
AHT84	39.69226	29.05653	7.379896	76.128686	2.739726	3.665831	6.405557
AHT85	42.7803	32.03924	14.87974	89.69928	2.533374	2.798138	5.331512
AHT86	13.93012	8.775274	6.676771	29.382165	1.409419	2.553205	3.962624
AHT87	23.59712	17.50782	5.407401	46.512341	0.868659	3.387769	4.256428
AHT88	31.83643	23.00338	8.89143	63.73124	1.902352	3.220863	5.123215
AHT89	42.73712	36.0253	15.16468	93.9271	3.117912	2.408715	5.526627
AHT9	16.49109	7.976458	8.887922	33.35547	1.701553	6.545138	8.246691
AHT90	37.34593	31.10107	6.829179	75.276179	1.191454	3.277641	4.469095
AHT91	36.60566	25.4902	9.459695	71.555555	5.010893	3.189542	8.200435
CHT1	63.65092	52.40648	9.261651	125.319051	11.2044	0.275137	11.479537
CHT10	34.42566	19.41589	15.78245	69.624	7.22778	0.347246	7.575026
CHT11	36.94761	34.26007	3.892303	75.099983	2.429031	19.65174	22.080771
CHT12	37.63039	32.37175	6.709594	76.711734	1.498176	0.579524	2.0777
CHT13	19.35014	17.21707	2.870283	39.437493	4.890111	3.152227	8.042338
CHT14	18.21418	16.8496	4.815584	39.879364	1.987541	1.374469	3.36201
CHT15	13.85606	11.78767	5.265935	30.909665	5.128746	12.98016	18.108906
CHT16	30.16043	21.29232	9.537645	60.990395	4.036129	1.402223	5.438352
CHT17	38.168	31.37065	6.432138	75.970788	12.15622	12.91645	25.07267
CHT18	41.22287	38.52337	4.724126	84.470366	25.60776	0.847343	26.455103
CHT19	32.78405	23.17044	12.1054	68.05989	10.8475	7.879899	18.727399
CHT2	27.53786	16.86202	8.473329	52.873209	10.07231	2.833643	12.905953
CHT20	73.46283	39.35271	34.95899	147.77453	0.693076	0.327462	1.020538
CHT3	51.46281	41.24535	6.305261	99.013421	4.4823	0.583757	5.066057
CHT4	26.41381	18.97263	5.460218	50.846658	1.2383	6.935777	8.174077
CHT5	7.637416	4.320154	3.91514	15.87271	15.40984	1.812922	17.222762
CHT6	31.81732	23.51323	7.796642	63.127192	27.78621	1.114484	28.900694
CHT7	33.89938	29.70972	9.37699	72.98609	7.182658	1.281575	8.464233
CHT8	54.03986	37.7708	18.26137	110.07203	12.57829	4.294083	16.872373
CHT9	47.67513	36.69678	13.09528	97.46719	6.698483	4.978694	11.677177
DHT1	52.98654	44.80902	12.10986	109.90542	2.026191	2.360858	4.387049
DHT10	28.96746	24.50529	4.840522	58.313272	0.834652	3.457843	4.292495
DHT11	30.14577	22.08034	8.653031	60.879141	2.579242	1.141307	3.720549
DHT12	43.32394	35.64537	7.206098	86.175408	1.31814	2.703776	4.021916
DHT13	33.44556	28.45967	6.19894	68.10417	2.445908	3.468337	5.914245
DHT14	32.97452	17.2353	9.74072	59.95054	5.520079	2.035314	7.555393
DHT15	32.92868	26.06712	8.287887	67.283687	19.3183	1.969061	21.287361
DHT16	42.50768	33.7028	6.203088	82.413568	2.142885	1.505075	3.64796
DHT17	25.9723	19.99285	6.761384	52.726534	5.810804	9.117392	14.928196
DHT18	54.17398	38.70881	19.83611	112.7189	10.87593	1.368389	12.244319
DHT19	5.565533	3.599093	1.890249	11.054875	21.55283	17.8449	39.39773
DHT2	31.63507	24.61986	10.05087	66.3058	6.531023	2.265865	8.796888
DHT20	27.07897	20.69576	7.993772	55.768502	3.215762	3.205025	6.420787
DHT21	21.37099	18.91286	2.93216	43.21601	21.84786	3.008799	24.856659
DHT22	28.0381	19.69555	11.7527	59.48635	1.335148	3.15503	4.490178
DHT23	11.41166	6.920721	5.711022	24.043403	0.700898	1.889829	2.590727
DHT24	47.17828	33.27179	18.36236	98.81243	2.065765	2.415049	4.480814
DHT25	25.99358	17.43919	9.802662	53.235432	1.945847	3.340982	5.286829
DHT26	31.1994	23.94139	10.91567	66.05646	9.858852	1.483127	11.341979
DHT27	49.41652	40.12956	14.8467	104.39278	7.434441	4.545858	11.980299
DHT28	36.17032	21.96295	20.27424	78.40751	2.77604	1.890787	4.666827
DHT29	31.5496	21.33004	13.00724	65.88688	0.913898	3.017588	3.931486
DHT3	31.54748	24.17599	9.553486	65.276956	3.639636	1.726856	5.366492
DHT30	26.2915	15.53817	12.13763	53.9673	1.324105	6.460026	7.784131
DHT31	44.95669	36.66481	9.520542	91.142042	1.756154	1.537439	3.293593
DHT32	34.03315	20.01507	11.7645	65.81272	16.6484	1.568601	18.217001
DHT33	27.20872	20.39907	7.48389	55.09168	2.736795	13.71881	16.455605
DHT34	42.04089	34.9219	7.760068	84.722858	6.660165	5.221339	11.881504
DHT35	36.75435	29.9499	6.029608	72.733858	13.33183	1.150184	14.482014
DHT36	42.85714	31.98687	8.927042	83.771052	12.7034	0.829901	13.533301
DHT37	48.13292	25.72487	20.64219	94.49998	4.011336	1.174126	5.185462
DHT38	49.74495	43.8954	6.80778	100.44813	10.35231	4.428871	14.781181
DHT39	48.7719	41.28499	14.5187	104.57559	16.98855	1.524691	18.513241
DHT4	17.96728	12.80648	4.247282	35.021042	2.490628	3.149912	5.64054
DHT40	31.35087	24.6982	7.515418	63.564488	9.480383	9.408214	18.888597
DHT41	11.17593	7.523183	4.797771	23.496884	7.697331	3.269624	10.966955
DHT42	52.97249	43.85934	9.029282	105.861112	10.87544	0.52764	11.40308
DHT43	41.06427	35.42305	5.654481	82.141801	12.20077	0.592571	12.793341
DHT44	40.31245	21.63301	17.77707	79.72253	4.865638	1.502624	6.368262
DHT45	36.40447	24.80287	12.26409	73.47143	2.637022	1.244183	3.881205
DHT46	32.58879	18.18237	12.12427	62.89543	1.991065	0.832811	2.823876
DHT47	42.13813	30.12428	12.49614	84.75855	1.026402	2.720584	3.746986
DHT48	36.86673	25.53916	8.883832	71.289722	7.11855	1.601514	8.720064
DHT49	16.0729	10.32578	7.684003	34.082683	1.276434	2.324252	3.600686
DHT5	33.09302	28.36364	7.845666	69.302326	21.28964	1.773784	23.063424
DHT50	28.32972	14.99434	10.98076	54.30482	0.755789	12.26477	13.020559
DHT51	40.2783	29.32918	14.9595	84.56698	21.0758	1.327103	22.402903
DHT52	9.612637	6.068424	4.246706	19.927767	0.813621	1.444674	2.258295
DHT53	35.32066	23.52884	12.44924	71.29874	2.719948	10.45762	13.177568
DHT54	27.33857	19.24742	13.08188	59.66787	3.771752	3.453759	7.225511
DHT55	49.30916	35.38316	12.29069	96.98301	8.807638	2.144684	10.952322
DHT56	38.46826	27.21961	8.962776	74.650646	5.926997	1.433562	7.360559
DHT57	32.29735	27.14808	6.17868	65.62411	12.84798	1.598879	14.446859
DHT58	33.06596	24.13496	10.88785	68.08877	2.308117	7.088543	9.39666
DHT59	39.35811	25.93629	16.29344	81.58784	2.355212	3.663127	6.018339
DHT6	43.67094	32.06293	9.645637	85.379507	3.507136	3.332793	6.839929
DHT60	22.33617	15.05253	12.53127	49.91997	5.497749	2.021011	7.51876
DHT61	47.92464	33.4445	17.02968	98.39882	12.00013	0.875668	12.875798
DHT62	40.73645	30.71252	13.54794	84.99691	4.230354	3.624363	7.854717
DHT63	46.31806	33.8662	13.85956	94.04382	14.95684	2.187915	17.144755
DHT64	20.2432	14.98286	9.106492	44.332552	0.728519	2.142704	2.871223
DHT65	49.70818	37.39057	13.76887	100.86762	9.934419	5.682638	15.617057
DHT7	32.42658	27.55468	4.245146	64.226406	1.09844	10.94886	12.0473
DHT8	45.06887	36.39855	14.66096	96.12838	8.712255	1.033021	9.745276
DHT9	39.73289	35.92283	11.97551	87.63123	0.964571	0.970135	1.934706
HHT1	47.39085	33.98903	8.977352	90.357232	29.02171	0.799673	29.821383
HHT10	23.50309	11.77437	13.35631	48.63377	0.767001	0.801242	1.568243
HHT11	54.72019	42.86834	17.1668	114.75533	0.443363	0.389294	0.832657
HHT12	52.97299	39.286	10.24121	102.5002	1.803029	0.813366	2.616395
HHT13	20.4911	11.03644	8.811387	40.338927	31.53953	3.048341	34.587871
HHT14	31.89655	19.34421	13.22968	64.47044	26.81342	4.806034	31.619454
HHT15	58.11444	36.36617	28.73726	123.21787	2.755041	0.956172	3.711213
HHT16	26.0788	19.20959	8.22217	53.51056	0.353667	1.260385	1.614052
HHT17	35.34047	21.95276	14.66151	71.95474	9.181215	0.556916	9.738131
HHT18	68.45907	59.96441	15.85943	144.28291	3.725979	0.512456	4.238435
HHT19	45.62613	35.83368	14.74904	96.20885	13.29572	1.47885	14.77457
HHT2	21.18379	15.53449	2.892059	39.610339	46.05114	1.022006	47.073146
HHT20	27.17604	23.34977	4.200582	54.726392	29.02977	1.075397	30.105167
HHT21	32.10676	24.20696	13.52221	69.83593	2.124262	0.369722	2.493984
HHT22	45.11026	36.20765	6.741049	88.058959	1.742069	1.054563	2.796632
HHT23	9.526362	6.31581	2.881265	18.723437	0.088065	22.77827	22.866335
HHT24	79.98319	49.29361	30.56797	159.84477	8.210236	0.101935	8.312171
HHT25	42.83894	14.73385	27.20322	84.77601	22.8409	1.129791	23.970691
HHT26	49.95006	39.60613	13.85053	103.40672	1.122546	0.577558	1.700104
HHT27	33.72199	25.58046	12.0634	71.36585	0.189279	0.734403	0.923682
HHT28	52.61052	37.43437	17.79302	107.83791	12.49365	0.49331	12.98696
HHT29	44.54921	34.86985	4.433024	83.852084	45.50553	0.281533	45.787063
HHT3	14.5996	13.48889	2.663277	30.751767	17.76527	14.9537	32.71897
HHT30	50.70284	43.6277	15.08896	109.4195	11.35992	1.158175	12.518095
HHT31	45.14408	41.6851	12.70897	99.53815	4.450985	1.437585	5.88857
HHT32	43.79466	31.11273	13.95721	88.8646	4.690188	1.089047	5.779235
HHT33	50.22397	33.80897	18.58247	102.61541	10.96019	1.109024	12.069214
HHT34	46.05658	39.97914	9.123614	95.159334	6.058284	0.913213	6.971497
HHT4	19.85277	17.50249	2.181581	39.536841	6.471896	10.84656	17.318456
HHT5	29.17874	21.90035	5.811848	56.890938	47.59922	0.26434	47.86356
HHT6	44.12517	34.42886	7.991367	86.545397	9.733313	1.159242	10.892555
HHT7	27.71389	22.52772	4.4089	54.65051	11.80514	7.042254	18.847394
HHT8	12.64173	4.89908	8.24577	25.78658	0.501633	0.215197	0.71683
HHT9	59.49003	55.50729	4.116389	119.113709	0.68161	0.486864	1.168474
IHT1	29.19825	25.25324	5.202591	59.654081	4.429093	3.118109	7.547202
IHT10	45.11141	28.4208	19.85388	93.38609	31.8249	0.445245	32.270145
IHT11	30.02325	25.80422	8.827595	64.655065	13.94509	0.958155	14.903245
IHT12	51.76801	33.70529	19.86552	105.33882	12.94708	1.127471	14.074551
IHT13	33.49914	18.61152	15.5925	67.70316	10.67961	10.68493	21.36454
IHT14	52.29255	49.92535	4.279996	106.497896	2.066429	1.376177	3.442606
IHT15	60.18649	52.41722	7.224869	119.828579	1.071423	1.009165	2.080588
IHT16	28.83494	17.74096	9.710534	56.286434	4.173826	0.964885	5.138711
IHT17	19.43094	16.4828	5.120294	41.034034	0.190102	0.57654	0.766642
IHT18	25.37263	16.9854	8.772788	51.130818	1.919397	8.690368	10.609765
IHT19	34.54088	22.6747	8.037103	65.252683	4.162778	0.896468	5.059246
IHT2	32.60777	25.01345	7.033882	64.655102	9.940842	1.336013	11.276855
IHT20	13.26255	10.7451	4.065056	28.072706	1.268102	15.14782	16.415922
IHT21	30.73988	18.01142	14.36916	63.12046	21.45379	6.209761	27.663551
IHT22	12.37701	10.37866	6.857275	29.612945	2.191082	9.167186	11.358268
IHT23	71.83953	67.60169	7.157089	146.598309	6.559359	0.181334	6.740693
IHT24	36.68918	31.10052	11.40776	79.19746	0.9853	0.738975	1.724275
IHT25	57.65243	40.33269	10.98811	108.97323	3.364962	0.348503	3.713465
IHT26	20.57436	17.45879	6.841717	44.874867	49.2295	0.384693	49.614193
IHT27	19.03011	14.82131	3.378736	37.230156	34.77062	1.228378	35.998998
IHT28	46.80176	42.93933	12.42491	102.166	1.68373	0.727642	2.411372
IHT29	19.05783	14.42428	5.570692	39.052802	8.838135	0.774834	9.612969
IHT3	59.69241	49.53664	12.83524	122.06429	8.431221	1.616526	10.047747
IHT30	13.26612	11.85237	6.430282	31.548772	6.772318	3.02132	9.793638
IHT4	25.48823	21.78885	4.663606	51.940686	3.503816	3.941114	7.44493
IHT5	48.93161	39.06023	7.776087	95.767927	5.093009	0.954291	6.0473
IHT6	42.67339	36.33705	13.71882	92.72926	3.388098	2.544045	5.932143
IHT7	27.9304	20.32967	7.326007	55.586077	25.47619	3.315018	28.791208
IHT8	35.04776	16.11689	12.67705	63.8417	15.81573	0.870547	16.686277
IHT9	22.56788	18.78019	3.410795	44.758865	1.149425	11.30685	12.456275
