#OTU ID	acetylcoa	but	buk	butyrate	succinate	pdiol	"propionate
"
ALH1	37.9114	32.96527	14.5737	85.45037	5.143972	10.566	15.709972
ALH10	27.54096	25.17297	4.456268	57.170198	8.687514	3.798027	12.485541
ALH11	37.2093	30.95193	7.464975	75.626205	17.72018	2.693523	20.413703
ALH12	24.9684	19.05259	9.056438	53.077428	27.76831	10.74353	38.51184
ALH13	23.43402	17.16561	9.032635	49.632265	7.831583	4.99314	12.824723
ALH14	20.44323	13.61235	4.7896	38.84518	23.82256	3.269092	27.091652
ALH15	38.58972	30.99258	11.22835	80.81065	4.04599	5.632368	9.678358
ALH16	53.47248	42.49169	11.8997	107.86387	5.656631	3.444773	9.101404
ALH17	12.21712	10.16243	2.807904	25.187454	39.43022	2.529505	41.959725
ALH18	22.44169	17.00572	5.963476	45.410886	30.87713	2.136065	33.013195
ALH19	25.75171	15.88478	10.26278	51.89927	30.74202	3.457424	34.199444
ALH2	23.0437	19.23814	4.645231	46.927071	21.33269	1.753831	23.086521
ALH20	25.36806	16.95721	11.11417	53.43944	14.67879	3.702428	18.381218
ALH21	41.95311	22.15996	24.5909	88.70397	10.06384	2.157732	12.221572
ALH22	13.57292	10.10367	3.997741	27.674331	0.703695	1.287212	1.990907
ALH23	25.34981	21.86229	6.383653	53.595753	23.52553	4.955383	28.480913
ALH24	49.58441	43.40169	6.915111	99.901211	7.821229	3.610846	11.432075
ALH25	61.78266	14.24662	47.1788	123.20808	2.006638	2.434822	4.44146
ALH26	23.39999	9.468334	13.26012	46.128444	1.728936	4.511557	6.240493
ALH27	9.300609	7.09725	2.037276	18.435135	4.665067	6.626684	11.291751
ALH28	22.54243	15.82335	9.872611	48.238391	3.166897	1.768295	4.935192
ALH29	38.89469	30.46377	9.5109	78.86936	4.608786	2.573276	7.182062
ALH3	30.47754	21.82723	12.07785	64.38262	19.3062	2.713592	22.019792
ALH30	21.29958	15.56657	7.117564	43.983714	8.512748	4.497167	13.009915
ALH31	41.28063	26.78805	14.50795	82.57663	2.235538	3.046017	5.281555
ALH32	37.32773	29.11804	15.57943	82.0252	10.37503	2.709833	13.084863
ALH33	25.07761	17.75696	7.924592	50.759162	6.304679	4.814585	11.119264
ALH34	22.50208	11.19849	10.86145	44.56202	22.63618	14.26449	36.90067
ALH35	34.97218	16.59902	20.5761	72.1473	11.018	5.13257	16.15057
ALH36	74.78468	68.93106	6.200365	149.916105	0.503337	2.904441	3.407778
ALH37	23.91495	16.64895	9.013173	49.577073	0.383638	14.36561	14.749248
ALH38	14.78604	13.09324	2.218706	30.097986	4.264774	4.224812	8.489586
ALH39	35.98338	21.76524	18.78342	76.53204	14.29218	3.302624	17.594804
ALH4	25.53917	15.95272	10.4758	51.96769	14.67798	5.180464	19.858444
ALH40	39.12687	36.22476	6.114019	81.465649	8.378734	3.404195	11.782929
ALH41	35.05035	26.19465	21.0909	82.3359	3.02678	3.980531	7.007311
ALH42	49.69421	32.09498	17.44814	99.23733	5.995923	2.607027	8.60295
ALH43	21.79201	13.28428	15.83941	50.9157	7.11859	4.292061	11.410651
ALH44	43.88312	29.08005	17.13593	90.0991	1.729947	2.234351	3.964298
ALH45	29.44544	15.65001	14.55177	59.64722	27.4199	2.349315	29.769215
ALH46	47.6623	14.6413	32.46549	94.76909	17.73598	2.138617	19.874597
ALH47	39.03618	24.76243	16.38373	80.18234	17.53374	2.522308	20.056048
ALH48	34.56661	16.14146	17.08045	67.78852	22.90067	6.330535	29.231205
ALH49	36.97611	27.17653	10.82251	74.97515	11.67869	14.20555	25.88424
ALH5	18.63803	15.24704	7.959829	41.844899	30.78544	2.454901	33.240341
ALH50	52.59836	43.19216	9.989724	105.780244	2.198326	3.926894	6.12522
ALH51	29.46953	13.99644	18.8333	62.29927	4.619996	4.332464	8.95246
ALH52	11.02832	5.692996	5.802285	22.523601	5.146547	7.431694	12.578241
ALH53	28.09648	15.42552	13.29039	56.81239	6.112101	4.571742	10.683843
ALH54	15.02486	8.336402	6.4652	29.826462	8.083226	15.73145	23.814676
ALH55	17.33763	12.09278	7.896907	37.327317	25.89691	2.335052	28.231962
ALH56	29.29066	21.06324	10.98367	61.33757	18.05125	2.681339	20.732589
ALH57	36.15114	30.65228	6.212508	73.015928	12.72495	3.278632	16.003582
ALH58	28.13506	19.01864	10.93321	58.08691	24.95643	3.840359	28.796789
ALH59	54.07818	44.05307	7.825637	105.956887	1.836873	3.645854	5.482727
ALH6	36.35471	28.17768	9.925038	74.457428	11.25405	2.694033	13.948083
ALH60	4.876224	2.605347	1.9034	9.384971	39.10001	12.67906	51.77907
ALH61	36.49756	27.1125	10.25107	73.86113	1.043687	0.924901	1.968588
ALH62	26.59546	20.27519	7.396402	54.267052	10.6944	15.99475	26.68915
ALH63	53.91315	37.07269	21.20155	112.18739	12.09897	2.070438	14.169408
ALH64	32.64629	27.22792	10.00625	69.88046	5.319599	1.542059	6.861658
ALH65	29.45452	24.36228	6.351541	60.168341	6.996849	7.968608	14.965457
ALH66	38.04371	31.10273	15.74713	84.89357	8.037303	10.5147	18.552003
ALH67	35.02686	21.16022	15.19237	71.37945	6.717171	5.749635	12.466806
ALH68	49.64976	42.299	20.456	112.40476	20.32763	5.162839	25.490469
ALH69	33.28304	23.28652	9.996518	66.566078	46.1726	2.187917	48.360517
ALH7	33.84028	17.9224	9.947334	61.710014	6.362855	4.33147	10.694325
ALH70	25.75857	10.49055	5.172414	41.421534	3.982132	10.60767	14.589802
ALH71	18.79109	12.98515	5.243902	37.020142	40.89077	5.206787	46.097557
ALH72	9.179123	5.349259	3.652825	18.181207	30.99747	15.26567	46.26314
ALH73	43.17621	29.87465	22.57329	95.62415	1.419248	2.117476	3.536724
ALH74	38.58396	15.83263	23.70409	78.12068	10.51262	1.66867	12.18129
ALH75	54.17746	26.11137	24.06185	104.35068	1.940119	2.545494	4.485613
ALH76	29.37257	23.96222	6.530493	59.865283	2.723479	13.05366	15.777139
ALH77	64.44458	51.3172	29.61168	145.37346	2.628449	2.408421	5.03687
ALH78	32.19371	18.55206	16.27774	67.02351	10.35395	1.607887	11.961837
ALH79	33.29536	30.075	3.592519	66.962879	4.686224	3.003893	7.690117
ALH8	41.35019	20.23042	25.37112	86.95173	2.659061	2.661307	5.320368
ALH80	31.66691	18.86004	13.3016	63.82855	17.49849	2.120274	19.618764
ALH81	28.3075	18.15792	12.77402	59.23944	7.780949	7.973992	15.754941
ALH82	24.49699	14.73361	9.638752	48.869352	0.678878	2.776184	3.455062
ALH83	33.91079	27.81511	4.792358	66.518258	3.675221	8.208532	11.883753
ALH84	49.00557	24.29688	26.37465	99.6771	1.984183	3.509757	5.49394
ALH85	33.82519	27.3528	8.767056	69.945046	5.68418	3.033484	8.717664
ALH86	49.97509	22.41594	27.74595	100.13698	7.353674	3.122665	10.476339
ALH87	32.22296	21.84149	13.05081	67.11526	9.34746	2.669339	12.016799
ALH88	49.32748	41.02401	10.36862	100.72011	11.03004	1.429115	12.459155
ALH89	35.34408	12.90778	22.67039	70.92225	5.690105	2.836049	8.526154
ALH9	40.76455	37.1978	6.653478	84.615828	11.01155	3.130364	14.141914
ALH90	40.1002	18.94411	21.47664	80.52095	36.018	1.645191	37.663191
ALH91	8.878823	8.038778	1.154339	18.07194	0.362825	2.247438	2.610263
ALH92	59.12373	31.40329	29.56088	120.0879	0.427736	2.191657	2.619393
ALH93	32.2873	26.37175	6.695394	65.354444	14.88256	2.601813	17.484373
ALH94	48.46445	42.91781	5.91434	97.2966	14.92568	6.670465	21.596145
ALH95	46.05689	37.39102	15.06252	98.51043	5.218453	2.244308	7.462761
ALH96	42.94194	31.9107	11.66793	86.52057	9.776336	3.07667	12.853006
GLH10	9.134259	7.703719	1.557698	18.395676	16.24104	1.59302	17.83406
GLH12	18.31188	11.8104	6.034662	36.156942	4.076657	11.77071	15.847367
GLH13	43.00798	19.17394	23.56167	85.74359	9.297814	1.984927	11.282741
GLH15	21.18065	18.28876	5.62142	45.09083	21.56052	9.015715	30.576235
GLH16	2.604854	1.802579	1.152635	5.560068	14.23784	0.13202	14.36986
GLH17	38.06511	24.00635	18.93918	81.01064	11.83734	0.850103	12.687443
GLH18	26.43768	20.91518	7.224904	54.577764	8.261309	1.784712	10.046021
GLH21	56.33905	34.10924	23.4338	113.88209	4.56315	0.477586	5.040736
GLH22	18.08448	12.6229	7.006616	37.713996	35.04936	0.96285	36.01221
GLH23	41.34852	32.75167	10.1984	84.29859	20.10654	0.31758	20.42412
GLH24	37.18819	29.67107	7.948154	74.807414	15.40108	0.602225	16.003305
GLH25	38.46834	30.35567	10.83676	79.66077	23.12294	3.090049	26.212989
GLH26	36.13985	24.2336	16.89446	77.26791	15.66967	1.126137	16.795807
GLH27	7.683773	3.800637	4.389508	15.873918	2.241693	21.21074	23.452433
GLH28	12.86626	11.49439	8.538519	32.899169	0.089211	3.715158	3.804369
GLH29	47.58818	40.69113	8.562045	96.841355	7.122662	0.511209	7.633871
GLH30	40.80307	7.697521	31.4226	79.923191	7.313492	28.14706	35.460552
GLH31	21.47469	16.96603	5.343095	43.783815	11.98672	1.411941	13.398661
GLH32	10.0617	5.424702	3.651391	19.137793	9.289511	16.19262	25.482131
GLH33	44.17128	28.8582	14.54464	87.57412	13.27227	8.987388	22.259658
GLH34	3.401243	2.777434	1.049583	7.22826	3.304701	19.97178	23.276481
GLH35	7.835848	2.190861	5.695517	15.722226	10.22522	20.8186	31.04382
GLH36	21.55868	7.715607	13.72027	42.994557	19.61442	3.696124	23.310544
GLH37	7.841833	3.69674	3.014087	14.55266	10.56955	18.84527	29.41482
GLH38	9.649403	6.37	3.35202	19.371423	42.19653	2.498039	44.694569
GLH39	54.1487	21.0801	34.28334	109.51214	9.943272	2.890855	12.834127
GLH40	30.5696	26.28918	4.191201	61.049981	17.49043	2.519875	20.010305
GLH41	58.5766	38.53453	25.75903	122.87016	3.744303	0.40201	4.146313
GLH43	39.98037	27.29949	18.64875	85.92861	2.912411	1.330628	4.243039
GLH44	8.072776	5.938005	1.595687	15.606468	13.67655	16.6496	30.32615
GLH45	20.35317	13.42655	8.764962	42.544682	15.76405	15.87945	31.6435
GLH46	7.80476	7.271279	0.481519	15.557558	37.72474	12.02757	49.75231
GLH47	29.13239	22.64398	8.255423	60.031793	12.13538	10.74233	22.87771
GLH48	43.1091	39.41587	4.318824	86.843794	23.85152	0.218579	24.070099
GLH49	6.400587	2.495006	2.246321	11.141914	3.962656	24.72991	28.692566
GLH50	22.86525	17.11063	5.356852	45.332732	3.172378	1.537283	4.709661
GLH51	0.478147	0.289877	0.201718	0.969742	10.53269	1.988793	12.521483
GLH52	43.58527	2.390736	6.217574	52.19358	4.146433	2.826547	6.97298
GLH53	5.46698	1.215369	4.269036	10.951385	0.165534	6.802143	6.967677
GLH55	6.567996	3.395886	3.690327	13.654209	9.936401	16.31203	26.248431
GLH56	15.51827	2.378929	12.93968	30.836879	0.581988	5.48853	6.070518
GLH57	3.187853	1.472328	0.847903	5.508084	15.94584	19.50835	35.45419
GLH58	26.9465	15.55546	11.95459	54.45655	53.28803	0.294203	53.582233
GLH59	25.20586	19.6912	6.46912	51.36618	3.053649	4.4136	7.467249
GLH61	21.87147	21.32492	1.375801	44.572191	5.723081	3.181932	8.905013
GLH62	30.43428	20.68838	12.03511	63.15777	13.79071	8.309078	22.099788
GLH63	40.07005	39.66513	2.374851	82.110031	11.85888	0.292158	12.151038
GLH64	54.49942	45.02156	12.76261	112.28359	6.973243	1.895572	8.868815
GLH65	34.70694	22.25828	12.95015	69.91537	2.616352	8.92691	11.543262
GLH66	35.57812	33.73222	1.632666	70.943006	6.673881	3.653607	10.327488
GLH68	34.27882	28.80852	7.586861	70.674201	1.896715	4.577981	6.474696
GLH69	49.6653	34.46817	21.82546	105.95893	13.1848	1.069815	14.254615
GLH7	23.62001	17.24441	7.030753	47.895173	26.28954	3.055786	29.345326
GLH71	52.24212	51.03203	10.72618	114.00033	15.78356	2.30403	18.08759
GLH73	1.353028	0.82965	0.480732	2.66341	35.20586	15.7052	50.91106
GLH74	44.99242	40.1846	6.598705	91.775725	1.253616	6.006337	7.259953
GLH76	40.41189	29.61944	18.84816	88.87949	0.499513	6.35821	6.857723
GLH77	15.83375	11.15177	9.459051	36.444571	6.318519	1.372902	7.691421
GLH79	40.90817	29.95872	14.48399	85.35088	11.66913	1.252434	12.921564
GLH8	5.881654	1.692634	4.238513	11.812801	15.21391	1.722329	16.936239
GLH80	7.396014	5.43234	3.978926	16.80728	25.66408	1.843938	27.508018
GLH81	33.79002	26.51953	12.2382	72.54775	8.380881	0.867812	9.248693
GLH82	65.88138	59.89056	5.645928	131.417868	10.73106	0.509193	11.240253
GLH84	37.82965	17.31319	22.93027	78.07311	14.29924	0.414608	14.713848
GLH85	54.83415	34.48357	26.63889	115.95661	7.624587	2.177331	9.801918
GLH87	41.63341	36.49188	6.153132	84.278422	6.593968	3.271462	9.86543
GLH88	50.80686	45.87524	10.55431	107.23641	9.490556	1.000434	10.49099
GLH89	24.68693	22.07327	4.174244	50.934444	15.09829	0.176669	15.274959
GLH90	45.14886	40.86388	6.590948	92.603688	11.39907	0.92583	12.3249
GLH91	34.308	24.13825	9.038079	67.484329	21.29989	0.896161	22.196051
GLH92	32.24469	20.98669	11.79944	65.03082	4.343068	1.224008	5.567076
GLH94	46.41386	19.25277	30.39322	96.05985	25.35301	0.441351	25.794361
GLH95	41.95635	31.02638	13.69796	86.68069	3.777719	0.447016	4.224735
HLH1	20.45682	7.723055	12.70164	40.881515	6.163455	17.49465	23.658105
HLH10	10.52355	9.309108	1.173799	21.006457	0.234282	2.338035	2.572317
HLH11	29.62246	25.15029	5.553739	60.326489	9.854868	0.769676	10.624544
HLH12	33.05135	27.47361	12.15954	72.6845	1.739337	9.246156	10.985493
HLH13	7.88348	7.076154	3.907097	18.866731	2.168936	16.89059	19.059526
HLH14	54.56366	38.93493	19.5667	113.06529	4.149286	0.861831	5.011117
HLH15	22.78796	8.915561	13.94399	45.647511	6.46873	11.51821	17.98694
HLH16	9.489431	8.32852	0.883678	18.701629	0.762389	1.091602	1.853991
HLH17	0.373255	0.205136	0.080204	0.658595	0.035475	7.92319	7.958665
HLH18	3.647019	2.107988	0.489304	6.244311	0.981452	14.93514	15.916592
HLH19	14.63296	13.64571	8.11488	36.39355	7.467933	2.213829	9.681762
HLH2	14.13569	8.699832	6.947047	29.782569	6.838576	15.45706	22.295636
HLH20	14.2586	10.60599	3.40725	28.27184	0.587936	1.161983	1.749919
HLH21	27.80021	16.79654	10.67505	55.2718	7.567365	19.44418	27.011545
HLH22	13.36436	12.20351	6.637227	32.205097	6.243224	4.014068	10.257292
HLH23	8.36357	7.006187	5.215485	20.585242	2.304941	3.933801	6.238742
HLH24	2.75	2.245327	0.221963	5.21729	6.049065	15.42056	21.469625
HLH25	17.61539	11.74539	6.867777	36.228557	61.88895	0.262006	62.150956
HLH26	9.012421	7.622681	5.255389	21.890491	14.1202	4.311257	18.431457
HLH27	3.120696	2.035236	0.842876	5.998808	3.871061	15.19232	19.063381
HLH28	39.7758	36.65032	5.926664	82.352784	8.293754	2.060671	10.354425
HLH29	2.131103	2.072256	0.07566	4.279019	0.147118	0.031525	0.178643
HLH3	33.30957	18.65344	19.72732	71.69033	0.762732	2.636071	3.398803
HLH30	0.2668	0.236785	0.010005	0.51359	1.243955	3.998666	5.242621
HLH31	24.96431	22.98033	4.186453	52.131093	8.623452	2.601602	11.225054
HLH32	2.132265	1.436861	0.665469	4.234595	4.02275	4.457953	8.480703
HLH33	48.4059	32.90889	18.88279	100.19758	2.658861	2.134407	4.793268
HLH34	14.1381	7.117335	5.475616	26.731051	4.005311	0.953646	4.958957
HLH35	63.77686	46.51985	33.35765	143.65436	0.484213	0.961794	1.446007
HLH4	37.86911	34.7471	4.75311	77.36932	30.08745	4.141169	34.228619
HLH5	44.97521	36.8719	7.347451	89.194561	20.59796	0.544709	21.142669
HLH6	42.15121	38.03566	19.94603	100.1329	2.982908	1.578345	4.561253
HLH7	9.43733	8.661038	5.020399	23.118767	1.94073	11.99853	13.93926
HLH8	31.18207	28.21968	6.057517	65.459267	1.090699	2.433394	3.524093
HLH9	40.7381	14.10511	0.570154	55.413364	3.668815	11.17067	14.839485
ILH1	35.89137	20.31488	17.34873	73.55498	27.75561	0.338215	28.093825
ILH10	33.51347	23.47585	10.18093	67.17025	39.55037	0.946438	40.496808
ILH11	21.04405	8.546959	13.20205	42.793059	3.594733	5.080401	8.675134
ILH12	16.23157	10.24159	6.06706	32.54022	2.036552	7.663441	9.699993
ILH13	2.426756	0.743813	0.727759	3.898328	33.49565	22.38127	55.87692
ILH14	25.699	24.70145	1.228756	51.629206	2.592186	3.157104	5.74929
ILH15	25.79073	14.46374	11.76528	52.01975	7.042161	17.44677	24.488931
ILH16	45.22641	18.90848	27.81086	91.94575	8.55674	0.871358	9.428098
ILH17	2.982986	1.090079	1.053252	5.126317	7.96936	7.785225	15.754585
ILH18	15.07304	12.64921	7.409056	35.131306	0.809291	4.378262	5.187553
ILH19	46.40492	38.70609	9.770572	94.881582	21.9414	0.810682	22.752082
ILH2	33.59714	28.3835	6.8996	68.88024	33.16986	3.264576	36.434436
ILH20	20.27054	16.78102	3.793374	40.844934	3.518918	5.626348	9.145266
ILH21	29.53666	20.74561	9.589917	59.872187	17.61051	10.58406	28.19457
ILH24	55.29892	24.12657	33.96909	113.39458	7.524059	3.91951	11.443569
ILH25	37.88672	21.61789	15.13477	74.63938	22.11906	2.480162	24.599222
ILH26	51.31378	18.22585	31.91098	101.45061	4.80711	0.56426	5.37137
ILH27	15.15006	10.6396	6.081022	31.870682	0.244991	24.31971	24.564701
ILH28	33.62078	25.8598	14.98751	74.46809	9.231414	0.892664	10.124078
ILH29	69.02436	63.54258	17.29039	149.85733	11.90737	0.36216	12.26953
ILH3	39.00203	23.16268	21.41663	83.58134	1.281947	1.887221	3.169168
ILH30	58.84386	30.60785	35.19066	124.64237	11.30701	0.65655	11.96356
ILH31	22.32693	7.55514	15.26599	45.14806	0.250484	2.955712	3.206196
ILH33	2.943358	1.782381	1.132847	5.858586	0.378468	20.06393	20.442398
ILH34	50.3577	23.161	27.29772	100.81642	5.072368	0.819726	5.892094
ILH35	10.94615	4.950931	6.813035	22.710116	0.342854	5.696402	6.039256
ILH36	16.77331	4.048289	1.340898	22.162497	0.294343	6.11296	6.407303
ILH37	50.83604	49.07424	3.031647	102.941927	3.913043	0.982944	4.895987
ILH38	25.87295	18.41989	7.042254	51.335094	10.06455	3.997946	14.062496
ILH39	38.07087	27.4712	16.12837	81.67044	43.80014	0.851162	44.651302
ILH4	49.47187	24.10396	25.80406	99.37989	27.68217	1.379658	29.061828
ILH40	6.712486	5.019656	2.214318	13.94646	3.719948	16.38275	20.102698
ILH42	4.832871	3.206243	2.285976	10.32509	0.648771	10.38621	11.034981
ILH43	35.05351	22.60497	16.60167	74.26015	31.18203	0.428961	31.610991
ILH5	34.78148	27.98861	6.018931	68.789021	41.98579	1.311966	43.297756
ILH6	49.88583	40.41102	9.525222	99.822072	4.228819	1.266273	5.495092
ILH7	4.244103	3.410484	0.877752	8.532339	7.017114	11.3691	18.386214
ILH8	39.4045	35.89502	12.4797	87.77922	3.099918	1.026245	4.126163
ILH9	20.77178	18.67841	3.234853	42.685043	46.17663	2.512047	48.688677
ILT1	37.52608	28.58136	10.54416	76.6516	32.62344	1.842837	34.466277
ILT10	37.60036	21.49123	13.32516	72.41675	25.28992	0.550104	25.840024
ILT11	20.36294	17.6758	4.147037	42.185777	9.242133	0.465306	9.707439
ILT12	44.76234	37.59726	10.47531	92.83491	13.76786	0.49512	14.26298
ILT13	15.10809	7.619182	3.225125	25.952397	52.29209	0.242941	52.535031
ILT14	49.09599	26.18136	22.89786	98.17521	0.558893	3.548973	4.107866
ILT15	58.50213	38.79273	20.1982	117.49306	1.499883	0.847032	2.346915
ILT16	30.12178	15.29974	7.077979	52.499499	36.3722	0.605531	36.977731
ILT17	46.21826	39.10563	4.269415	89.593305	7.618697	0.699301	8.317998
ILT18	20.93093	9.86948	6.847846	37.648256	31.59902	13.11759	44.71661
ILT19	36.65176	24.14957	10.12187	70.9232	2.428546	1.709627	4.138173
ILT2	12.78095	10.79375	2.963823	26.538523	5.132197	2.465606	7.597803
ILT20	38.57937	29.81429	12.71963	81.11329	6.05196	0.775892	6.827852
ILT21	56.3128	40.65147	15.15133	112.1156	0.676968	0.698218	1.375186
ILT22	18.71166	10.99154	10.65495	40.35815	0.86387	2.782291	3.646161
ILT23	61.07236	51.47845	11.03599	123.5868	17.54889	0.795926	18.344816
ILT24	48.18128	35.94396	10.92919	95.05443	7.030129	1.291248	8.321377
ILT25	49.81076	40.81317	8.530221	99.154151	11.99392	0.656612	12.650532
ILT26	18.62571	10.86648	8.647017	38.139207	5.924479	2.26089	8.185369
ILT27	52.23141	47.49536	7.217021	106.943791	8.789027	8.309957	17.098984
ILT28	45.51248	26.77908	17.15348	89.44504	0.013277	0.716941	0.730218
ILT29	36.39804	24.98453	10.52045	71.90302	14.53835	1.572144	16.110494
ILT30	6.099975	4.080054	2.058071	12.2381	0.407284	3.598532	4.005816
ILT31	31.10914	26.82358	9.244662	67.177382	12.36816	1.961437	14.329597
ILT32	55.26549	44.37115	13.06802	112.70466	0.147075	0.32443	0.471505
ILT33	53.33861	35.12328	25.12238	113.58427	15.35431	0.876067	16.230377
ILT34	29.06508	23.22846	7.550165	59.843705	14.92938	1.037893	15.967273
ILT35	49.60621	43.65868	8.459617	101.724507	7.612297	0.974961	8.587258
ILT36	26.51577	21.91606	5.335958	53.767788	0.430084	4.860314	5.290398
ILT37	36.64798	26.81497	13.13506	76.59801	2.442711	6.856412	9.299123
ILT38	49.20676	40.81372	7.062436	97.082916	15.32753	0.87001	16.19754
ILT39	52.02477	41.86168	15.09346	108.97991	1.848891	0.747115	2.596006
ILT4	31.41565	27.34581	5.351087	64.112547	9.04723	12.19696	21.24419
ILT40	46.4367	35.66881	11.20004	93.30555	16.69522	0.813154	17.508374
ILT41	59.63936	52.60519	15.7685	128.01305	0.831187	0.937661	1.768848
ILT42	53.86094	45.6181	15.47385	114.95289	19.39846	1.183172	20.581632
ILT43	55.38752	30.06548	27.00875	112.46175	0.793538	2.451783	3.245321
ILT44	39.53366	26.50672	14.13525	80.17563	6.872483	1.143329	8.015812
ILT45	12.55157	8.650945	2.786158	23.988673	45.76689	8.533957	54.300847
ILT46	25.87458	19.61592	4.815298	50.305798	4.114001	6.132268	10.246269
ILT47	29.01237	23.35647	4.392809	56.761649	22.45118	0.771652	23.222832
ILT48	31.57578	24.30005	9.451689	65.327519	0.736593	6.768387	7.50498
ILT49	20.4784	9.697531	9.33642	39.512351	9.037037	1.790123	10.82716
ILT5	36.77932	31.49673	6.276626	74.552676	6.986652	1.562056	8.548708
ILT50	38.09387	28.46485	11.58844	78.14716	38.05698	1.22976	39.28674
ILT51	35.9697	24.74637	9.631045	70.347115	9.949502	2.891133	12.840635
ILT52	2.562806	1.905417	1.122618	5.590841	0.113273	20.4357	20.548973
ILT53	40.01602	30.0885	11.51899	81.62351	33.28235	0.440657	33.723007
ILT54	47.71226	29.11632	17.43596	94.26454	6.246979	0.455131	6.70211
ILT55	29.03715	19.27597	5.142785	53.455905	32.84054	13.09073	45.93127
ILT56	31.08359	25.07919	6.760652	62.923432	26.44046	0.921777	27.362237
ILT57	54.06806	43.52702	14.72838	112.32346	4.423177	0.981709	5.404886
ILT58	58.18627	53.61335	10.13335	121.93297	1.767415	5.355479	7.122894
ILT59	21.60101	6.503983	15.2656	43.370593	16.79276	19.82099	36.61375
ILT6	42.15221	36.05235	11.51398	89.71854	1.398351	10.65346	12.051811
ILT60	5.121209	3.067165	2.597967	10.786341	1.073942	7.99722	9.071162
ILT7	41.6665	24.14978	19.12376	84.94004	8.927101	0.409795	9.336896
ILT8	44.98056	39.43323	3.944828	88.358618	0.491536	0.205643	0.697179
ILT9	54.47165	45.55261	12.45092	112.47518	0.553717	0.853739	1.407456
